1 0 0 10
0
0
0
0
0
0
1 308 0 4
1 352 0 7
1 396 0 7
1 440 0 7
1 484 0 7
1 528 0 7
1 572 0 7
1 616 0 7
1 660 0 7
1 704 0 7
1 748 0 7
1 792 0 7
1 836 0 7
1 880 0 7
1 924 0 7
1 968 0 7
1 1012 0 7
1 1056 0 7
1 1100 0 7
1 1144 0 9
1 1188 0 9
1 1232 0 9
1 1276 0 7
1 0 44 10
0
0
0
0
0
0
1 308 44 4
1 352 44 7
1 396 44 7
1 440 44 7
1 484 44 7
1 528 44 7
1 572 44 7
1 616 44 7
1 660 44 7
1 704 44 7
1 748 44 7
1 792 44 7
1 836 44 7
1 880 44 7
1 924 44 7
1 968 44 7
1 1012 44 7
1 1056 44 7
1 1100 44 10
0
0
0
1 1276 44 4
1 0 88 7
1 44 88 2
1 88 88 2
1 132 88 2
1 176 88 1
0
0
1 308 88 4
1 352 88 7
1 396 88 7
1 440 88 7
1 484 88 7
1 528 88 7
1 572 88 7
1 616 88 7
1 660 88 7
1 704 88 7
1 748 88 7
1 792 88 7
1 836 88 7
1 880 88 7
1 924 88 7
1 968 88 7
1 1012 88 7
1 1056 88 7
1 1100 88 10
0
0
0
1 1276 88 4
1 0 132 7
1 44 132 7
1 88 132 7
1 132 132 7
1 176 132 10
0
0
1 308 132 4
1 352 132 7
1 396 132 7
1 440 132 7
1 484 132 7
1 528 132 7
1 572 132 7
1 616 132 7
1 660 132 9
1 704 132 9
1 748 132 9
1 792 132 9
1 836 132 7
1 880 132 9
1 924 132 9
1 968 132 7
1 1012 132 9
1 1056 132 9
1 1100 132 10
0
0
0
1 1276 132 4
1 0 176 7
1 44 176 7
1 88 176 7
1 132 176 7
1 176 176 7
1 220 176 15
0
1 308 176 4
1 352 176 7
1 396 176 7
1 440 176 7
1 484 176 7
1 528 176 7
1 572 176 7
1 616 176 10
0
0
0
0
1 836 176 12
0
0
1 968 176 12
0
0
1 1100 176 8
0
0
0
1 1276 176 4
1 0 220 7
1 44 220 7
1 88 220 7
1 132 220 7
1 176 220 10
0
0
1 308 220 4
1 352 220 9
1 396 220 9
1 440 220 9
1 484 220 9
1 528 220 9
1 572 220 9
1 616 220 10
0
0
0
0
0
0
0
0
0
0
1 1100 220 12
0
0
0
1 1276 220 4
1 0 264 7
1 44 264 7
1 88 264 7
1 132 264 7
1 176 264 10
0
0
1 308 264 8
0
0
0
0
0
0
1 616 264 8
0
0
0
0
0
0
0
0
0
0
0
0
0
0
1 1276 264 4
1 0 308 7
1 44 308 7
1 88 308 7
1 132 308 7
1 176 308 10
0
0
1 308 308 8
0
0
0
0
0
0
1 616 308 4
1 660 308 2
1 704 308 2
1 748 308 2
1 792 308 2
1 836 308 1
0
0
0
0
0
0
0
0
0
1 1276 308 4
1 0 352 7
1 44 352 9
1 88 352 9
1 132 352 7
1 176 352 10
0
0
1 308 352 8
0
0
0
0
0
0
1 616 352 4
1 660 352 7
1 704 352 7
1 748 352 7
1 792 352 7
1 836 352 10
0
0
1 968 352 11
0
0
0
0
0
0
1 1276 352 4
1 0 396 10
0
0
1 132 396 4
1 176 396 10
0
1 264 396 14
1 308 396 10
0
0
0
0
0
0
1 616 396 4
1 660 396 7
1 704 396 7
1 748 396 7
1 792 396 7
1 836 396 10
0
0
1 968 396 8
0
0
1 1100 396 11
0
0
0
1 1276 396 4
1 0 440 10
0
0
1 132 440 3
1 176 440 6
0
0
1 308 440 8
0
0
0
1 484 440 11
0
0
1 616 440 4
1 660 440 9
1 704 440 9
1 748 440 9
1 792 440 9
1 836 440 7
1 880 440 2
1 924 440 2
1 968 440 7
1 1012 440 2
1 1056 440 2
1 1100 440 7
1 1144 440 15
0
0
1 1276 440 4
1 0 484 10
0
0
0
0
0
0
1 308 484 8
0
0
0
1 484 484 4
1 528 484 15
0
1 616 484 8
0
0
0
0
1 836 484 3
1 880 484 9
1 924 484 9
1 968 484 9
1 1012 484 9
1 1056 484 9
1 1100 484 6
0
0
0
1 1276 484 4
1 0 528 10
0
0
0
0
0
0
1 308 528 8
0
0
0
1 484 528 8
0
0
1 616 528 12
0
0
0
0
0
0
0
0
0
0
0
0
0
0
1 1276 528 4
1 0 572 10
0
1 88 572 14
1 132 572 5
1 176 572 5
1 220 572 5
1 264 572 5
1 308 572 6
0
1 396 572 14
1 440 572 2
1 484 572 10
0
0
0
0
0
0
0
0
0
0
0
0
0
0
0
0
1 1232 572 14
1 1276 572 7
1 0 616 10
0
0
0
0
0
0
0
0
0
1 440 616 4
1 484 616 10
0
0
0
0
0
1 748 616 11
0
0
0
0
0
0
0
0
0
0
0
1 1276 616 4
1 0 660 10
0
0
0
0
0
0
0
0
0
1 440 660 4
1 484 660 10
0
0
0
0
0
1 748 660 8
0
0
0
0
0
0
0
0
0
0
0
1 1276 660 4
1 0 704 7
1 44 704 2
1 88 704 2
1 132 704 2
1 176 704 2
1 220 704 2
1 264 704 2
1 308 704 2
1 352 704 2
1 396 704 2
1 440 704 7
1 484 704 7
1 528 704 2
1 572 704 2
1 616 704 2
1 660 704 2
1 704 704 2
1 748 704 7
1 792 704 2
1 836 704 2
1 880 704 2
1 924 704 2
1 968 704 2
1 1012 704 2
1 1056 704 2
1 1100 704 2
1 1144 704 2
1 1188 704 2
1 1232 704 2
1 1276 704 7
0
0
0
0
0
0
0
0
0
0
0
0
0
0
0
0
0
0
0
0
0
0
0
0
0
0
0
0
0
0
0
0
0
0
0
0
0
0
0
0
0
0
0
0
0
0
0
0
0
0
0
0
0
0
0
0
0
0
0
0
0
0
0
0
0
0
0
0
0
0
0
0
0
0
0
0
0
0
0
0
0
0
0
0
0
0
0
0
0
0
0
0
0
0
0
1 220 132 4
0
0
0
0
0
0
0
0
0
0
0
0
0
0
0
0
0
0
0
0
0
0
0
0
0
0
0
0
0
0
0
0
0
0
0
0
0
0
0
0
0
0
0
0
0
1 924 176 15
0
1 1012 176 13
0
0
0
0
0
0
0
0
0
0
0
0
0
0
0
0
0
0
0
0
0
0
0
0
0
0
0
0
1 968 220 14
0
1 1056 220 15
0
1 1144 220 13
0
0
0
0
0
0
0
0
0
0
0
0
0
0
0
0
0
0
0
0
0
1 792 264 4
0
0
0
0
0
0
1 1100 264 14
0
0
0
0
0
0
0
0
0
0
0
0
0
0
0
0
0
0
0
0
0
0
0
0
1 880 308 13
0
0
0
0
0
0
0
0
0
0
0
0
0
0
0
1 264 352 5
0
0
0
0
0
0
0
0
0
0
0
0
0
0
0
0
0
0
1 1100 352 12
0
0
0
0
0
0
0
0
0
0
0
0
0
0
0
0
0
0
0
0
0
0
0
0
0
0
0
0
1 1056 396 15
0
1 1144 396 13
0
0
0
0
0
0
0
0
0
0
0
0
0
0
0
1 528 440 4
0
0
0
0
0
0
0
0
0
0
0
0
0
0
1 1188 440 13
0
0
0
0
0
0
0
0
0
0
0
0
0
0
0
0
0
0
0
0
0
0
0
0
0
0
0
0
0
0
0
0
0
0
0
0
0
1 220 528 5
0
0
0
1 396 528 5
0
0
0
0
0
0
0
0
0
0
0
0
0
0
0
0
0
0
0
0
0
0
0
0
0
0
0
0
0
0
0
0
0
0
0
0
0
1 748 572 12
0
0
0
0
0
0
0
0
0
1 1188 572 15
0
0
0
0
0
0
0
0
0
0
0
0
0
0
0
0
0
0
0
0
0
0
0
0
0
0
0
0
0
0
0
0
0
0
0
0
0
0
0
0
0
0
0
0
0
1 572 660 4
0
0
0
0
0
0
0
0
0
0
0
0
0
0
0
0
0
0
0
0
0
0
0
0
0
0
0
0
0
0
0
0
0
0
0
0
0
0
0
0
0
0
0
0
0
0
0
0
0
0
0
0
0
0
0
0
0
0
0
0
0
0
0
0
0
0
0
0
0
0
0
0
0
1 1188 0 3
0
0
0
0
0
0
0
0
0
0
0
0
0
0
0
0
0
0
0
0
0
0
0
0
0
0
0
0
0
0
0
0
0
0
0
0
0
0
0
0
0
0
0
0
0
0
0
0
0
0
0
0
0
0
0
0
0
0
0
0
0
0
0
0
0
0
0
0
0
0
0
0
0
0
0
0
0
0
0
0
0
0
0
0
0
0
0
0
0
0
0
0
0
0
0
0
0
0
0
0
0
0
0
0
0
0
0
0
0
0
0
0
0
0
0
0
0
0
0
0
0
0
0
0
0
0
0
0
0
0
0
0
0
0
0
0
0
0
0
0
0
0
0
0
0
0
0
0
0
0
0
0
0
0
0
0
0
0
0
0
0
0
0
0
0
0
0
0
0
0
0
0
0
0
0
0
0
0
0
0
0
0
0
0
0
0
0
0
0
0
0
0
0
0
0
0
0
0
0
0
0
0
0
0
0
0
0
0
0
0
0
0
0
0
0
0
0
0
0
0
0
0
0
0
0
0
0
0
0
0
0
0
0
0
0
0
0
0
0
0
0
0
0
0
0
0
0
0
0
0
0
0
0
0
0
0
0
0
0
0
0
0
0
0
0
0
0
0
0
0
0
0
0
0
0
0
0
0
0
0
0
0
0
0
0
0
0
0
0
0
0
0
0
0
0
0
0
0
0
0
0
0
0
0
0
0
0
0
0
0
0
0
0
0
0
0
0
0
0
0
0
0
0
0
0
0
0
0
0
0
0
0
0
0
0
0
0
0
0
0
0
0
0
0
0
0
0
0
0
0
0
0
0
0
0
0
0
0
0
0
0
0
0
0
0
0
0
0
0
0
0
0
0
0
0
0
0
0
0
0
0
0
0
0
0
0
0
0
0
0
0
0
0
0
0
0
0
0
0
0
0
0
0
0
0
0
0
0
0
1 748 616 2
0
0
0
0
0
0
0
0
0
0
0
0
1 0 660 2
0
0
0
0
0
0
0
0
0
0
0
0
0
0
0
0
1 748 660 2
0
0
0
0
0
0
0
0
0
0
0
0
0
0
0
0
0
0
0
0
0
0
0
0
0
0
0
0
0
0
0
0
0
0
0
0
0
0
0
0
0
0
1 704 220
1 88 0
