1 0 0 7
1 44 0 7
1 88 0 7
1 132 0 7
1 176 0 7
1 220 0 7
1 264 0 7
1 308 0 7
1 352 0 7
1 396 0 7
1 440 0 7
1 484 0 7
1 528 0 7
1 572 0 7
1 616 0 7
1 660 0 7
1 704 0 7
1 748 0 7
1 792 0 7
1 836 0 7
1 880 0 7
1 924 0 7
1 968 0 7
1 1012 0 7
1 1056 0 7
1 1100 0 7
1 1144 0 7
1 1188 0 7
1 1232 0 7
1 1276 0 7
1 0 44 7
1 44 44 7
1 88 44 9
1 132 44 9
1 176 44 7
1 220 44 7
1 264 44 7
1 308 44 9
1 352 44 9
1 396 44 9
1 440 44 9
1 484 44 9
1 528 44 9
1 572 44 9
1 616 44 9
1 660 44 9
1 704 44 9
1 748 44 9
1 792 44 9
1 836 44 9
1 880 44 9
1 924 44 9
1 968 44 9
1 1012 44 9
1 1056 44 9
1 1100 44 9
1 1144 44 9
1 1188 44 9
1 1232 44 7
1 1276 44 7
1 0 88 7
1 44 88 10
0
0
1 176 88 4
1 220 88 7
1 264 88 10
0
0
0
0
0
0
0
0
0
0
0
0
0
0
0
0
0
0
0
0
0
1 1232 88 4
1 1276 88 7
1 0 132 7
1 44 132 10
0
0
1 176 132 4
1 220 132 7
1 264 132 10
0
0
0
0
0
0
0
0
0
0
0
0
0
0
0
0
0
0
0
0
0
1 1232 132 4
1 1276 132 7
1 0 176 7
1 44 176 10
0
0
1 176 176 4
1 220 176 7
1 264 176 7
1 308 176 2
1 352 176 2
1 396 176 2
1 440 176 1
0
0
0
0
0
0
0
0
0
0
0
0
0
0
0
0
0
1 1232 176 4
1 1276 176 7
1 0 220 7
1 44 220 10
0
1 132 220 14
1 176 220 9
1 220 220 7
1 264 220 7
1 308 220 7
1 352 220 7
1 396 220 7
1 440 220 10
0
0
0
0
0
1 704 220 0
1 748 220 2
1 792 220 1
0
0
0
0
0
0
0
0
0
1 1232 220 4
1 1276 220 7
1 0 264 7
1 44 264 10
0
0
0
1 220 264 4
1 264 264 7
1 308 264 7
1 352 264 7
1 396 264 7
1 440 264 7
1 484 264 1
0
0
1 616 264 14
1 660 264 5
1 704 264 7
1 748 264 7
1 792 264 10
0
0
0
0
0
0
0
0
0
1 1232 264 4
1 1276 264 7
1 0 308 7
1 44 308 6
0
0
0
1 220 308 3
1 264 308 9
1 308 308 9
1 352 308 9
1 396 308 9
1 440 308 9
1 484 308 10
0
0
0
0
1 704 308 4
1 748 308 7
1 792 308 10
0
0
0
0
0
0
0
0
0
1 1232 308 4
1 1276 308 7
1 0 352 10
0
0
0
0
0
0
0
0
0
0
1 484 352 8
0
0
0
0
1 704 352 4
1 748 352 7
1 792 352 7
1 836 352 15
0
0
0
0
0
0
0
0
1 1232 352 4
1 1276 352 7
1 0 396 7
1 44 396 1
0
0
0
1 220 396 14
1 264 396 5
1 308 396 5
1 352 396 5
1 396 396 5
1 440 396 5
1 484 396 9
1 528 396 2
1 572 396 5
1 616 396 2
1 660 396 2
1 704 396 7
1 748 396 7
1 792 396 10
0
0
1 924 396 13
0
0
0
0
0
0
1 1232 396 4
1 1276 396 7
1 0 440 7
1 44 440 10
0
0
0
0
0
0
0
0
0
0
1 528 440 8
0
1 616 440 4
1 660 440 7
1 704 440 7
1 748 440 7
1 792 440 10
0
0
0
0
0
0
0
0
0
1 1232 440 4
1 1276 440 7
1 0 484 7
1 44 484 10
0
0
0
1 220 484 0
1 264 484 1
0
1 352 484 0
1 396 484 1
0
1 484 484 0
1 528 484 6
0
1 616 484 3
1 660 484 9
1 704 484 9
1 748 484 7
1 792 484 10
0
0
0
0
0
0
0
0
0
1 1232 484 4
1 1276 484 7
1 0 528 7
1 44 528 10
0
0
0
1 220 528 3
1 264 528 6
0
1 352 528 3
1 396 528 6
0
1 484 528 12
0
0
0
0
0
1 748 528 3
1 792 528 6
0
1 880 528 13
0
1 968 528 14
1 1012 528 5
1 1056 528 15
0
0
0
1 1232 528 4
1 1276 528 7
1 0 572 7
1 44 572 10
0
0
0
0
0
0
0
0
0
0
0
0
0
0
0
0
0
0
0
0
0
0
0
0
0
0
1 1232 572 4
1 1276 572 7
1 0 616 7
1 44 616 10
0
0
0
0
0
0
0
0
0
0
0
0
0
0
0
0
0
0
0
0
0
0
0
0
0
0
1 1232 616 4
1 1276 616 7
1 0 660 7
1 44 660 7
1 88 660 2
1 132 660 2
1 176 660 2
1 220 660 2
1 264 660 2
1 308 660 2
1 352 660 2
1 396 660 1
0
1 484 660 0
1 528 660 2
1 572 660 2
1 616 660 2
1 660 660 2
1 704 660 2
1 748 660 2
1 792 660 2
1 836 660 2
1 880 660 2
1 924 660 2
1 968 660 2
1 1012 660 2
1 1056 660 2
1 1100 660 2
1 1144 660 2
1 1188 660 2
1 1232 660 7
1 1276 660 7
1 0 704 7
1 44 704 7
1 88 704 7
1 132 704 7
1 176 704 7
1 220 704 7
1 264 704 7
1 308 704 7
1 352 704 7
1 396 704 7
1 440 704 2
1 484 704 7
1 528 704 7
1 572 704 7
1 616 704 7
1 660 704 7
1 704 704 7
1 748 704 7
1 792 704 7
1 836 704 7
1 880 704 7
1 924 704 7
1 968 704 7
1 1012 704 7
1 1056 704 7
1 1100 704 7
1 1144 704 7
1 1188 704 7
1 1232 704 7
1 1276 704 7
0
0
0
0
0
0
0
0
0
0
0
0
0
0
0
0
0
0
0
0
0
0
0
0
0
0
0
0
0
0
0
0
0
0
0
0
0
0
0
0
0
0
0
0
0
0
0
0
0
0
0
0
0
0
0
0
0
0
0
0
0
0
0
0
0
0
0
0
0
0
0
0
0
0
0
0
0
0
0
0
0
0
0
0
0
0
0
0
0
0
0
0
0
0
0
0
0
0
0
0
0
0
0
0
0
0
0
0
0
0
0
0
0
0
0
0
0
0
0
0
0
0
0
0
0
0
0
0
0
0
0
0
0
0
0
0
0
0
1 792 176 4
0
0
0
0
0
0
0
0
0
0
0
0
0
0
0
0
0
0
0
0
0
0
0
0
0
0
0
0
0
0
1 836 220 13
0
0
0
0
0
0
0
0
0
0
0
0
0
0
0
0
0
0
0
0
0
0
0
0
0
0
0
0
0
0
0
0
0
0
0
0
0
0
0
0
0
0
0
0
0
0
0
0
0
0
0
0
0
0
0
0
0
0
0
0
0
0
0
0
0
0
0
0
0
0
0
0
0
0
0
0
0
0
0
0
0
0
0
0
0
0
0
0
0
0
0
0
0
0
0
0
0
0
0
0
0
0
0
0
0
0
0
0
0
0
0
0
0
0
0
0
0
0
0
0
0
0
0
0
0
0
0
0
0
0
0
0
0
0
0
0
0
0
0
0
0
0
0
0
0
0
0
0
0
0
0
0
0
0
0
0
0
0
0
0
0
0
0
0
0
0
0
0
0
0
0
0
0
0
0
0
0
0
0
0
1 880 484 12
0
1 968 484 5
0
0
0
0
0
0
0
0
0
0
0
0
0
0
0
0
0
0
0
0
0
0
0
0
0
0
1 836 528 13
0
1 924 528 13
0
0
0
0
0
0
0
0
0
0
0
0
0
0
0
0
0
0
0
0
0
0
0
0
0
0
0
0
0
0
0
0
0
0
0
0
0
0
0
0
0
0
1 176 616 4
0
0
0
0
0
0
0
1 528 616 5
1 572 616 4
0
1 660 616 12
0
0
0
0
0
0
0
0
0
0
0
0
0
0
0
0
0
0
0
0
0
0
0
0
0
0
0
0
0
0
0
0
0
0
0
0
0
0
0
0
0
0
0
0
0
0
0
0
0
0
0
0
0
0
0
0
0
0
0
0
0
0
0
0
0
0
0
0
0
0
0
0
0
0
0
0
0
0
0
0
0
0
0
0
0
0
0
0
0
0
0
0
0
0
0
0
0
0
0
0
0
0
0
0
0
0
0
0
0
0
0
0
0
0
0
0
0
0
0
0
0
0
0
0
0
0
0
0
0
0
0
0
0
0
0
0
0
0
0
0
0
0
0
0
0
0
0
0
0
0
0
0
0
0
0
0
0
0
0
0
0
0
0
0
0
0
0
0
0
0
0
0
0
0
0
0
0
0
0
0
0
0
0
0
0
0
0
0
0
0
0
0
0
0
0
0
0
0
0
0
0
0
0
0
0
0
0
0
0
0
0
0
0
0
0
0
0
0
0
0
0
0
1 1232 176 0
0
0
0
0
0
0
0
0
0
0
0
0
0
0
0
0
0
0
0
0
0
0
0
0
0
0
0
0
0
0
0
0
0
0
0
0
0
0
0
0
0
0
0
0
0
0
0
0
0
0
0
0
0
0
0
0
0
0
0
0
0
0
0
0
0
0
0
0
0
0
0
0
0
0
0
0
0
0
0
0
0
0
0
0
0
0
0
0
0
0
0
0
0
0
0
0
0
0
0
0
0
0
1 484 352 0
0
0
0
0
0
0
0
0
0
0
0
0
0
0
0
0
1 1232 352 0
0
0
0
0
0
0
0
0
1 308 396 3
0
0
1 440 396 3
0
1 528 396 1
1 572 396 3
0
0
0
0
0
0
0
0
0
0
0
0
0
0
0
0
0
0
0
0
0
0
0
0
0
0
0
0
1 528 440 0
0
0
0
0
0
0
0
0
0
0
0
0
0
0
0
0
0
0
0
0
0
0
0
0
0
0
0
0
0
0
0
0
0
0
0
0
0
0
0
0
0
0
0
0
0
0
0
0
0
0
0
0
0
0
0
0
0
0
0
0
0
0
0
0
0
0
0
0
0
0
0
0
0
0
0
0
0
0
0
0
0
0
0
0
0
0
0
0
0
0
0
0
0
0
0
0
0
0
0
0
0
0
0
0
0
0
0
0
0
0
0
0
0
0
0
0
0
0
0
0
0
0
0
0
0
0
0
0
0
0
0
0
0
0
0
0
0
0
0
0
0
0
0
0
0
0
0
0
0
0
0
0
0
0
0
0
0
0
0
0
0
0
0
0
0
0
0
0
0
0
0
0
0
0
0
0
0
0
0
0
0
0
0
0
0
0
0
0
0
0
0
0
0
0
0
0
0
1 660 308
1 132 132
