1 0 0 7
1 44 0 9
1 88 0 9
1 132 0 9
1 176 0 7
1 220 0 7
1 264 0 7
1 308 0 7
1 352 0 7
1 396 0 7
1 440 0 7
1 484 0 7
1 528 0 7
1 572 0 7
1 616 0 7
1 660 0 7
1 704 0 7
1 748 0 7
1 792 0 7
1 836 0 7
1 880 0 7
1 924 0 7
1 968 0 7
1 1012 0 7
1 1056 0 9
1 1100 0 9
1 1144 0 9
1 1188 0 9
1 1232 0 7
1 1276 0 7
1 0 44 10
0
0
0
1 176 44 4
1 220 44 7
1 264 44 9
1 308 44 9
1 352 44 9
1 396 44 9
1 440 44 9
1 484 44 9
1 528 44 9
1 572 44 9
1 616 44 9
1 660 44 9
1 704 44 9
1 748 44 9
1 792 44 9
1 836 44 9
1 880 44 9
1 924 44 9
1 968 44 9
1 1012 44 6
0
0
0
0
1 1232 44 4
1 1276 44 7
1 0 88 10
0
0
0
1 176 88 4
1 220 88 10
0
0
0
0
0
0
0
0
0
0
0
0
0
0
0
0
0
0
0
0
0
0
1 1232 88 4
1 1276 88 7
1 0 132 7
1 44 132 5
1 88 132 15
0
1 176 132 4
1 220 132 6
0
0
0
0
0
0
0
0
0
0
0
0
0
0
0
0
0
0
0
0
0
0
1 1232 132 4
1 1276 132 7
1 0 176 10
0
0
0
1 176 176 8
0
0
0
0
0
1 440 176 0
1 484 176 5
1 528 176 5
1 572 176 5
1 616 176 5
1 660 176 5
1 704 176 5
1 748 176 5
1 792 176 5
1 836 176 5
1 880 176 5
1 924 176 5
1 968 176 5
1 1012 176 5
1 1056 176 5
1 1100 176 15
0
0
1 1232 176 4
1 1276 176 7
1 0 220 10
0
0
0
1 176 220 8
0
0
0
0
0
1 440 220 8
0
0
0
0
0
0
0
0
0
0
0
0
0
0
0
0
0
1 1232 220 4
1 1276 220 7
1 0 264 10
0
0
0
1 176 264 3
1 220 264 5
1 264 264 5
1 308 264 2
1 352 264 2
1 396 264 2
1 440 264 10
0
0
0
0
0
0
0
0
0
0
0
0
0
0
0
0
0
1 1232 264 4
1 1276 264 7
1 0 308 10
0
0
0
0
0
0
1 308 308 3
1 352 308 9
1 396 308 9
1 440 308 10
0
0
1 572 308 14
1 616 308 5
1 660 308 5
1 704 308 5
1 748 308 5
1 792 308 5
1 836 308 5
1 880 308 5
1 924 308 5
1 968 308 5
1 1012 308 5
1 1056 308 5
1 1100 308 5
1 1144 308 5
1 1188 308 5
1 1232 308 7
1 1276 308 7
1 0 352 10
0
0
0
0
0
0
0
0
0
1 440 352 8
0
0
0
0
0
0
0
0
0
0
0
0
0
0
0
0
0
1 1232 352 4
1 1276 352 7
1 0 396 10
0
0
0
0
0
0
1 308 396 0
1 352 396 2
1 396 396 2
1 440 396 10
0
0
0
0
0
0
0
0
0
0
0
0
0
0
0
0
0
1 1232 396 4
1 1276 396 7
1 0 440 7
1 44 440 2
1 88 440 2
1 132 440 15
0
1 220 440 14
1 264 440 5
1 308 440 9
1 352 440 9
1 396 440 7
1 440 440 9
1 484 440 5
1 528 440 5
1 572 440 5
1 616 440 5
1 660 440 5
1 704 440 5
1 748 440 5
1 792 440 5
1 836 440 5
1 880 440 5
1 924 440 5
1 968 440 5
1 1012 440 5
1 1056 440 15
0
0
0
1 1232 440 4
1 1276 440 7
1 0 484 7
1 44 484 7
1 88 484 10
0
0
0
0
0
0
1 396 484 12
0
0
0
0
0
0
0
0
0
0
0
0
0
0
0
0
0
1 1188 484 14
1 1232 484 7
1 1276 484 7
1 0 528 7
1 44 528 7
1 88 528 10
0
0
0
0
0
0
0
0
0
0
0
0
0
0
0
0
0
0
0
0
0
0
0
0
0
1 1232 528 4
1 1276 528 7
1 0 572 7
1 44 572 7
1 88 572 10
0
0
0
0
0
0
0
0
0
0
0
0
0
0
0
0
0
0
0
0
0
0
0
0
0
1 1232 572 4
1 1276 572 7
1 0 616 7
1 44 616 7
1 88 616 10
0
0
0
0
0
0
1 396 616 0
1 440 616 1
0
0
0
0
0
0
0
0
0
0
0
0
0
0
0
1 1144 616 0
1 1188 616 2
1 1232 616 7
1 1276 616 7
1 0 660 7
1 44 660 7
1 88 660 7
1 132 660 2
1 176 660 2
1 220 660 2
1 264 660 2
1 308 660 2
1 352 660 2
1 396 660 7
1 440 660 7
1 484 660 2
1 528 660 2
1 572 660 2
1 616 660 2
1 660 660 2
1 704 660 2
1 748 660 2
1 792 660 2
1 836 660 2
1 880 660 2
1 924 660 2
1 968 660 2
1 1012 660 2
1 1056 660 2
1 1100 660 2
1 1144 660 7
1 1188 660 7
1 1232 660 7
1 1276 660 7
1 0 704 7
1 44 704 7
1 88 704 7
1 132 704 7
1 176 704 7
1 220 704 7
1 264 704 7
1 308 704 7
1 352 704 7
1 396 704 7
1 440 704 7
1 484 704 7
1 528 704 7
1 572 704 7
1 616 704 7
1 660 704 7
1 704 704 7
1 748 704 7
1 792 704 7
1 836 704 7
1 880 704 7
1 924 704 7
1 968 704 7
1 1012 704 7
1 1056 704 7
1 1100 704 7
1 1144 704 7
1 1188 704 7
1 1232 704 7
1 1276 704 7
0
0
0
0
0
0
0
0
0
0
0
0
0
0
0
0
0
0
0
0
0
0
0
0
0
0
0
0
0
0
0
0
0
0
0
0
0
0
0
0
0
0
0
0
0
0
0
0
0
0
0
0
0
0
0
0
0
0
0
0
0
0
0
0
0
0
0
0
0
0
0
0
0
0
0
0
0
0
0
0
0
0
0
0
0
0
0
0
0
0
0
0
0
0
0
0
0
0
0
0
0
0
0
0
0
0
0
0
0
0
0
0
0
0
0
1 1100 132 4
0
0
0
0
0
0
0
0
0
0
0
0
0
0
0
0
0
0
0
0
0
0
0
0
0
0
0
0
0
0
1 1144 176 13
0
0
0
0
0
0
0
0
0
1 264 220 5
0
1 352 220 0
1 396 220 0
0
0
0
0
0
0
0
0
0
0
0
0
0
0
0
0
0
0
0
0
0
0
0
0
0
0
0
0
0
0
0
0
0
0
0
0
0
0
0
0
0
0
0
0
0
0
0
0
0
0
0
0
0
0
0
0
1 264 308 11
0
0
0
0
0
1 528 308 15
0
0
0
0
0
0
0
0
0
0
0
0
0
0
0
0
0
0
0
0
0
0
0
0
0
0
1 396 352 3
0
0
0
0
0
0
0
0
0
0
0
0
0
0
0
0
0
0
0
0
0
1 44 396 0
1 88 396 0
1 132 396 4
0
0
1 264 396 10
0
0
0
0
0
0
0
0
0
0
0
0
0
0
0
0
0
0
0
0
0
0
0
0
0
0
0
1 176 440 13
0
0
0
0
0
0
0
0
0
0
0
0
0
0
0
0
0
0
0
0
0
0
0
0
0
0
0
0
0
0
0
0
0
0
0
0
0
0
0
0
0
1 704 484 2
0
0
0
1 880 484 14
0
0
0
0
0
0
0
0
0
0
0
0
0
0
0
0
0
0
1 396 528 14
0
0
0
0
0
0
0
0
0
0
0
0
0
0
0
0
0
0
0
0
0
0
0
0
0
0
0
0
0
0
0
0
0
0
0
0
0
0
0
0
0
0
0
0
0
0
0
0
0
0
0
0
0
0
1 176 616 0
0
1 264 616 0
0
0
0
0
0
0
0
1 616 616 0
0
0
0
0
1 836 616 4
0
1 924 616 5
0
0
0
0
0
0
0
0
0
0
0
0
0
0
0
0
0
0
0
0
0
0
0
0
0
0
0
0
0
0
0
0
0
0
0
0
0
0
0
0
0
0
0
0
0
0
0
0
0
0
0
0
0
0
0
0
0
0
0
0
0
0
0
0
0
0
0
0
0
0
0
0
0
0
0
0
0
0
0
0
0
0
0
0
0
0
0
0
0
0
0
0
0
0
0
0
0
0
0
0
0
0
0
0
0
0
0
0
0
0
0
0
0
0
0
0
0
0
0
0
0
0
0
0
0
0
0
0
0
0
0
0
0
0
0
0
0
0
0
0
0
0
0
0
0
0
0
0
0
0
0
0
0
0
0
0
1 1232 88 0
0
0
0
0
0
0
0
0
0
0
0
0
0
0
0
0
0
0
0
0
0
0
0
0
0
0
0
0
0
0
0
0
0
0
0
0
0
0
0
0
0
0
0
0
0
0
0
0
0
0
0
0
0
0
0
0
0
0
0
0
0
0
0
0
0
0
0
0
0
0
0
1 440 220 2
0
0
0
0
0
0
0
0
0
0
0
0
0
0
0
0
0
0
0
0
0
0
0
0
0
0
0
0
0
1 440 264 2
0
0
0
0
0
0
0
0
0
0
0
0
0
0
0
0
0
0
0
0
0
0
0
0
0
0
0
0
0
0
0
0
0
0
0
0
0
0
0
0
0
0
0
0
0
0
0
0
0
0
0
0
0
0
0
0
0
0
0
1 440 352 0
0
0
0
0
0
0
0
0
0
0
0
0
0
0
0
0
0
1 1232 352 0
0
0
0
0
0
0
0
0
0
0
0
0
0
0
0
0
0
0
0
0
0
0
0
0
0
0
0
0
0
1 1232 396 0
0
0
0
0
0
0
0
0
0
0
0
0
0
0
0
0
0
0
0
0
0
0
0
0
0
0
0
0
0
0
0
0
0
0
0
0
0
0
0
0
0
0
0
0
0
0
0
0
0
0
0
0
0
0
0
0
0
0
1 1188 484 0
0
0
0
0
0
0
0
0
0
0
0
0
0
0
0
0
0
0
0
0
0
0
0
0
0
0
0
0
0
0
0
0
0
0
0
0
0
0
0
0
0
0
0
0
0
0
0
0
0
0
0
0
0
0
0
0
0
0
0
0
0
0
0
0
0
0
0
0
0
0
0
0
0
0
0
0
0
0
0
0
0
0
0
0
0
0
0
0
1 1144 616 0
0
0
0
0
0
0
0
0
0
0
0
0
0
0
0
0
0
0
0
0
0
0
0
0
0
0
0
0
0
0
0
0
0
0
0
0
0
0
0
0
0
0
0
0
0
0
0
0
0
0
0
0
0
0
0
0
0
0
0
0
0
0
0
1 220 176
1 44 44
