1 0 0 7
1 44 0 7
1 88 0 7
1 132 0 7
1 176 0 7
1 220 0 9
1 264 0 9
1 308 0 9
1 352 0 9
1 396 0 7
1 440 0 9
1 484 0 9
1 528 0 9
1 572 0 9
1 616 0 9
1 660 0 9
1 704 0 9
1 748 0 9
1 792 0 9
1 836 0 9
1 880 0 9
1 924 0 9
1 968 0 7
1 1012 0 9
1 1056 0 9
1 1100 0 9
1 1144 0 9
1 1188 0 9
1 1232 0 9
1 1276 0 7
1 0 44 7
1 44 44 7
1 88 44 7
1 132 44 7
1 176 44 10
0
0
0
0
1 396 44 8
0
0
0
0
0
0
0
0
0
0
0
0
1 968 44 8
0
0
0
0
0
0
1 1276 44 4
1 0 88 7
1 44 88 7
1 88 88 7
1 132 88 7
1 176 88 10
0
0
0
0
1 396 88 8
0
0
0
0
0
0
0
0
0
0
0
0
1 968 88 8
0
0
0
0
0
0
1 1276 88 4
1 0 132 7
1 44 132 7
1 88 132 7
1 132 132 7
1 176 132 7
1 220 132 15
0
0
0
1 396 132 8
0
0
0
0
0
0
0
0
0
0
0
0
1 968 132 8
0
0
0
1 1144 132 14
1 1188 132 5
1 1232 132 2
1 1276 132 7
1 0 176 7
1 44 176 7
1 88 176 7
1 132 176 7
1 176 176 10
0
0
0
0
1 396 176 8
0
1 484 176 14
1 528 176 15
0
0
1 660 176 0
1 704 176 1
0
0
0
0
0
1 968 176 8
0
0
0
0
0
1 1232 176 4
1 1276 176 7
1 0 220 7
1 44 220 7
1 88 220 7
1 132 220 7
1 176 220 10
0
0
0
0
1 396 220 8
0
0
0
0
0
1 660 220 4
1 704 220 10
0
0
0
0
0
1 968 220 8
0
1 1056 220 13
0
0
0
1 1232 220 4
1 1276 220 7
1 0 264 7
1 44 264 7
1 88 264 7
1 132 264 7
1 176 264 10
0
0
0
0
1 396 264 8
0
0
0
0
0
1 660 264 4
1 704 264 7
1 748 264 5
1 792 264 15
0
0
0
1 968 264 8
0
0
0
0
0
1 1232 264 4
1 1276 264 7
1 0 308 7
1 44 308 7
1 88 308 7
1 132 308 7
1 176 308 10
0
1 264 308 13
0
0
1 396 308 8
0
1 484 308 0
1 528 308 15
0
0
1 660 308 4
1 704 308 10
0
0
0
0
0
1 968 308 8
0
0
0
1 1144 308 13
0
1 1232 308 4
1 1276 308 7
1 0 352 7
1 44 352 7
1 88 352 7
1 132 352 7
1 176 352 10
0
0
0
0
1 396 352 8
0
1 484 352 12
0
0
0
1 660 352 4
1 704 352 10
0
0
0
0
0
1 968 352 8
0
0
0
0
0
1 1232 352 4
1 1276 352 7
1 0 396 7
1 44 396 7
1 88 396 7
1 132 396 7
1 176 396 10
0
0
0
0
1 396 396 8
0
0
0
0
1 616 396 14
1 660 396 7
1 704 396 10
0
0
1 836 396 13
0
1 924 396 14
1 968 396 10
0
1 1056 396 13
0
0
0
1 1232 396 4
1 1276 396 7
1 0 440 7
1 44 440 7
1 88 440 7
1 132 440 7
1 176 440 10
0
0
0
0
1 396 440 8
0
0
0
1 572 440 13
0
1 660 440 4
1 704 440 10
0
0
0
0
0
1 968 440 8
0
0
0
0
0
1 1232 440 4
1 1276 440 7
1 0 484 7
1 44 484 7
1 88 484 7
1 132 484 7
1 176 484 10
0
0
1 308 484 13
0
1 396 484 8
0
0
0
0
0
1 660 484 4
1 704 484 10
0
0
0
0
0
1 968 484 8
0
0
0
0
0
1 1232 484 4
1 1276 484 7
1 0 528 7
1 44 528 7
1 88 528 7
1 132 528 7
1 176 528 10
0
0
0
0
1 396 528 3
1 440 528 5
1 484 528 15
0
0
0
1 660 528 4
1 704 528 10
0
0
0
0
0
1 968 528 3
1 1012 528 5
1 1056 528 15
0
0
0
1 1232 528 4
1 1276 528 7
1 0 572 7
1 44 572 7
1 88 572 7
1 132 572 7
1 176 572 10
0
0
0
0
0
0
0
0
0
0
1 660 572 4
1 704 572 10
0
0
0
1 880 572 13
0
0
0
0
0
0
0
1 1232 572 4
1 1276 572 7
1 0 616 7
1 44 616 7
1 88 616 7
1 132 616 7
1 176 616 10
0
0
0
0
0
0
0
0
0
1 616 616 0
1 660 616 7
1 704 616 10
0
0
0
0
0
0
0
0
0
0
1 1188 616 0
1 1232 616 7
1 1276 616 7
1 0 660 7
1 44 660 7
1 88 660 7
1 132 660 7
1 176 660 10
0
0
0
0
0
0
0
0
0
1 616 660 4
1 660 660 7
1 704 660 10
0
0
0
0
0
0
0
0
0
0
1 1188 660 4
1 1232 660 7
1 1276 660 7
1 0 704 7
1 44 704 7
1 88 704 7
1 132 704 7
1 176 704 7
1 220 704 2
1 264 704 2
1 308 704 2
1 352 704 2
1 396 704 2
1 440 704 2
1 484 704 2
1 528 704 2
1 572 704 2
1 616 704 7
1 660 704 7
1 704 704 7
1 748 704 2
1 792 704 2
1 836 704 2
1 880 704 2
1 924 704 2
1 968 704 2
1 1012 704 2
1 1056 704 2
1 1100 704 2
1 1144 704 2
1 1188 704 7
1 1232 704 7
1 1276 704 7
0
0
0
0
0
0
0
0
0
0
0
0
0
0
0
0
0
0
0
0
0
0
0
0
0
0
0
0
0
0
0
0
0
0
0
0
0
0
0
0
0
0
0
0
0
0
0
0
0
0
0
0
0
0
0
0
0
0
0
0
0
0
0
0
0
0
0
0
0
0
0
0
0
0
0
0
0
0
0
0
0
0
0
0
0
0
0
0
0
0
0
0
0
0
0
0
0
0
0
0
0
0
0
0
0
1 660 132 5
0
0
0
0
0
0
0
0
0
0
0
0
0
0
0
0
0
0
0
0
0
0
0
0
1 440 176 15
0
0
1 572 176 13
0
0
0
0
0
0
0
0
0
0
0
0
0
0
0
0
0
0
0
0
0
0
0
0
0
0
0
0
0
0
0
0
0
0
0
0
0
0
0
1 1012 220 15
0
1 1100 220 13
0
0
0
0
0
0
0
0
0
0
1 264 264 12
0
0
0
0
0
0
0
0
0
0
0
0
0
0
0
0
0
1 1056 264 14
0
0
0
0
0
0
0
0
0
0
1 220 308 15
0
1 308 308 13
0
0
0
0
0
1 572 308 13
0
0
0
0
0
0
0
0
0
0
0
1 1100 308 15
0
1 1188 308 13
0
0
0
0
0
0
0
0
1 264 352 14
0
0
0
0
0
0
0
0
0
0
0
0
1 836 352 12
0
1 924 352 5
0
0
0
0
1 1144 352 14
0
0
0
0
0
0
0
0
0
0
0
0
0
0
1 484 396 14
0
0
0
0
0
0
1 792 396 15
0
0
0
0
1 1012 396 15
0
1 1100 396 13
0
0
0
0
0
0
0
0
0
0
0
1 308 440 12
0
0
0
0
1 528 440 15
0
1 616 440 13
0
0
0
0
1 836 440 14
0
0
0
0
1 1056 440 14
0
0
0
0
0
0
0
0
0
0
0
1 264 484 15
0
0
0
0
0
0
1 572 484 14
0
0
0
0
0
0
0
0
0
0
0
0
0
0
0
0
0
0
0
0
0
0
0
1 308 528 14
0
0
0
0
0
0
0
0
0
0
0
0
1 880 528 12
0
0
0
0
0
0
0
0
0
0
0
0
0
0
0
0
0
0
0
0
0
0
0
0
0
0
0
0
1 836 572 15
0
1 924 572 13
0
0
0
0
0
0
0
0
0
0
0
0
0
0
0
0
0
0
0
0
0
0
0
0
0
0
0
0
1 880 616 14
0
0
0
0
0
0
0
0
0
0
0
0
0
0
0
0
0
1 352 660 0
0
0
0
0
0
0
0
0
0
0
0
0
1 924 660 0
0
0
0
0
0
0
0
0
0
0
0
0
0
0
0
0
0
0
0
0
0
0
0
0
0
0
0
0
0
0
0
0
0
0
0
0
0
0
0
0
0
0
0
0
0
0
0
0
0
0
0
0
0
0
0
0
0
0
0
0
0
0
0
0
0
0
0
0
0
0
0
0
0
0
0
0
0
0
0
0
0
0
0
0
0
0
0
0
0
0
0
0
0
0
0
0
0
0
0
0
0
0
0
0
0
0
0
0
0
0
0
0
0
0
0
0
0
0
0
0
0
0
0
0
0
0
0
0
0
0
0
0
0
0
0
0
0
0
0
0
0
0
0
0
0
0
0
0
0
0
0
0
0
0
0
0
0
0
0
0
0
0
0
0
0
0
0
0
0
0
0
0
0
0
0
0
0
0
0
0
0
0
0
0
0
0
0
0
0
0
0
0
0
0
0
0
0
0
0
0
0
0
0
0
0
0
0
0
0
0
0
0
0
0
0
0
0
0
0
0
0
0
0
0
0
0
0
0
0
0
0
0
0
0
0
0
0
0
0
0
0
0
0
0
0
0
0
0
0
0
0
0
0
0
0
0
0
0
0
0
0
0
0
0
0
0
0
0
0
0
0
0
0
0
0
0
0
0
0
0
0
0
0
0
0
0
0
0
0
0
0
0
0
0
0
0
0
0
0
0
0
0
0
0
0
0
0
0
0
0
0
0
0
0
0
0
0
0
0
0
0
0
0
0
0
0
0
0
0
0
0
0
0
0
0
0
0
0
0
0
0
0
0
0
0
0
0
0
0
0
0
0
0
0
0
0
0
0
0
0
0
0
0
0
0
0
0
0
0
0
0
0
0
0
0
0
0
0
0
0
0
0
0
0
0
0
0
0
0
0
0
0
0
0
0
0
0
0
0
0
0
0
0
0
0
0
0
0
0
0
0
0
0
0
0
0
0
0
0
0
0
0
0
0
0
0
0
0
0
0
0
0
0
0
0
0
0
0
0
0
0
0
0
0
0
0
0
0
0
0
0
0
0
0
0
0
0
0
0
0
0
0
0
0
0
0
0
0
0
0
0
0
0
0
0
0
0
0
0
0
0
0
0
0
0
0
0
0
0
0
0
0
0
0
0
0
0
0
0
0
0
0
0
0
0
0
0
0
0
0
0
0
0
0
0
0
0
0
0
0
0
0
0
0
0
0
0
0
0
0
0
0
0
0
0
0
0
0
0
0
0
0
0
0
0
0
0
0
1 1232 44
1 220 44
