0
0
0
0
0
0
0
0
0
0
0
0
0
0
0
0
0
0
0
0
0
0
0
0
0
0
0
0
0
0
0
0
0
0
0
0
0
0
0
0
0
0
0
0
0
0
0
0
0
0
0
0
0
0
0
0
0
0
0
0
0
0
0
1 132 88 13
0
0
0
1 308 88 13
0
0
0
1 484 88 13
0
0
0
1 660 88 13
0
0
0
1 836 88 13
0
0
0
1 1012 88 13
0
0
0
0
0
0
0
0
0
0
0
0
0
0
0
0
0
0
0
0
0
0
0
0
0
0
0
0
0
0
0
0
0
0
0
0
0
0
0
0
0
0
0
0
0
0
0
0
0
0
0
0
0
0
0
0
0
0
0
0
0
0
0
0
0
0
0
0
0
0
0
0
0
0
0
0
0
0
0
0
0
0
0
0
0
0
0
0
0
0
0
0
0
0
0
0
1 0 264 14
1 44 264 5
1 88 264 15
0
1 176 264 14
1 220 264 5
1 264 264 15
0
1 352 264 14
1 396 264 5
1 440 264 15
0
1 528 264 14
1 572 264 5
1 616 264 15
0
1 704 264 14
1 748 264 5
1 792 264 15
0
1 880 264 14
1 924 264 5
1 968 264 15
0
1 1056 264 14
1 1100 264 5
1 1144 264 15
0
0
0
0
0
0
0
0
0
0
0
0
0
0
0
0
0
0
0
0
0
0
0
0
0
0
0
0
0
0
1 1188 308 13
0
0
0
0
0
0
0
0
0
0
0
0
0
0
0
0
0
0
0
0
0
0
0
0
0
0
0
0
0
0
0
0
0
0
0
0
0
0
0
0
0
0
0
0
0
0
0
0
0
0
0
0
0
0
0
0
0
0
0
0
0
0
0
0
0
0
0
0
1 264 440 13
0
0
0
1 440 440 13
0
0
0
1 616 440 13
0
0
0
1 792 440 13
0
0
0
1 968 440 13
0
0
0
0
0
1 1232 440 11
0
0
0
0
0
0
0
0
0
0
0
0
0
0
0
0
0
0
0
0
0
0
0
0
0
0
0
0
0
1 1232 484 8
0
0
0
1 88 528 13
0
0
0
0
0
0
0
0
0
0
0
0
0
0
0
0
0
0
0
0
0
0
0
0
0
1 1232 528 8
0
0
0
0
0
1 176 572 13
0
0
0
1 352 572 13
0
0
0
1 528 572 13
0
0
0
1 704 572 13
0
0
0
1 880 572 13
0
0
0
1 1056 572 13
0
0
1 1188 572 14
1 1232 572 6
0
0
0
0
0
0
0
0
0
0
0
0
0
0
0
0
0
0
0
0
0
0
0
0
0
0
0
0
0
0
0
0
1 44 660 14
1 88 660 5
1 132 660 5
1 176 660 5
1 220 660 5
1 264 660 5
1 308 660 5
1 352 660 5
1 396 660 5
1 440 660 5
1 484 660 5
1 528 660 5
1 572 660 5
1 616 660 5
1 660 660 5
1 704 660 5
1 748 660 5
1 792 660 5
1 836 660 5
1 880 660 5
1 924 660 5
1 968 660 5
1 1012 660 5
1 1056 660 5
1 1100 660 5
1 1144 660 5
1 1188 660 5
1 1232 660 15
0
0
0
0
0
0
0
0
0
0
0
0
0
0
0
0
0
0
0
0
0
0
0
0
0
0
0
0
0
0
0
0
0
0
0
0
0
0
0
0
0
0
0
0
0
0
0
0
0
0
0
0
0
0
0
0
0
0
0
0
0
0
0
0
0
0
0
0
0
0
0
0
0
0
0
0
0
0
0
0
0
0
0
0
0
0
0
0
0
0
0
0
0
1 88 88 15
0
1 176 88 13
0
1 264 88 15
0
1 352 88 13
0
1 440 88 15
0
1 528 88 13
0
1 616 88 15
0
1 704 88 13
0
1 792 88 15
0
1 880 88 13
0
1 968 88 15
0
1 1056 88 13
0
0
0
0
0
0
0
0
0
0
0
0
0
0
0
0
0
0
0
0
0
0
0
0
0
0
0
0
0
0
0
0
0
0
0
0
0
0
0
0
0
0
0
0
0
0
0
0
0
0
0
0
0
0
0
0
0
0
0
0
0
0
0
0
0
0
0
0
0
0
0
0
0
0
0
0
0
0
0
0
0
0
0
0
0
0
0
0
0
0
0
0
0
0
0
0
0
0
0
0
0
0
0
0
0
0
0
0
0
0
0
0
0
0
0
0
0
0
0
0
0
0
1 1188 264 13
0
0
0
0
0
0
0
0
0
0
0
0
0
0
0
0
0
0
0
0
0
0
0
0
0
0
0
0
0
0
1 1232 308 13
0
0
0
0
0
0
0
0
0
0
0
0
0
0
0
0
0
0
0
0
0
0
0
0
0
0
0
0
0
0
0
0
0
0
0
0
0
0
0
0
0
0
0
0
0
0
0
0
0
0
0
0
0
0
0
0
0
0
0
0
0
0
0
0
0
0
0
0
1 308 440 13
0
0
0
1 484 440 13
0
0
0
1 660 440 13
0
0
0
1 836 440 13
0
0
0
1 1012 440 13
0
0
0
1 1188 440 15
0
0
0
0
1 88 484 12
0
0
0
0
0
0
0
0
0
0
0
0
0
0
0
0
0
0
0
0
0
0
0
0
0
0
0
0
1 44 528 15
0
1 132 528 13
0
0
0
0
0
0
0
0
0
0
0
0
0
0
0
0
0
0
0
0
0
0
0
0
0
0
0
0
1 88 572 14
0
0
0
0
0
0
0
0
0
0
0
0
0
0
0
0
0
0
0
0
0
0
0
0
0
0
0
0
1 44 616 5
1 88 616 0
1 132 616 0
1 176 616 0
1 220 616 0
1 264 616 0
1 308 616 0
1 352 616 0
1 396 616 0
1 440 616 0
1 484 616 0
1 528 616 0
1 572 616 0
1 616 616 0
1 660 616 0
1 704 616 0
1 748 616 0
1 792 616 0
1 836 616 0
1 880 616 0
1 924 616 0
1 968 616 0
1 1012 616 0
1 1056 616 0
1 1100 616 0
1 1144 616 0
1 1188 616 0
1 1232 616 4
0
0
0
0
0
0
0
0
0
0
0
0
0
0
0
0
0
0
0
0
0
0
0
0
0
0
0
0
0
0
0
0
0
0
0
0
0
0
0
0
0
0
0
0
0
0
0
0
0
0
0
0
0
0
0
0
0
0
0
0
0
0
0
0
0
0
0
0
0
0
0
0
0
0
0
0
0
0
0
0
0
0
0
0
0
0
0
0
0
0
0
0
0
0
0
0
0
0
0
0
0
0
0
0
0
0
0
0
0
0
0
0
0
0
0
0
0
0
0
0
0
0
0
0
1 132 88 3
0
0
0
1 308 88 3
0
0
0
1 484 88 3
0
0
0
1 660 88 3
0
0
0
1 836 88 3
0
0
0
1 1012 88 3
0
0
0
0
0
0
0
0
0
0
0
0
0
0
0
0
0
0
0
0
0
0
0
0
0
0
0
0
0
0
0
0
0
0
0
0
0
0
0
0
0
0
0
0
0
0
0
0
0
0
0
0
0
0
0
0
0
0
0
0
0
0
0
0
0
0
0
0
0
0
0
0
0
0
0
0
0
0
0
0
0
0
0
0
0
0
0
0
0
0
0
0
0
0
0
0
0
0
1 88 264 2
0
0
0
1 264 264 2
0
0
0
1 440 264 2
0
0
0
1 616 264 2
0
0
0
1 792 264 2
0
0
0
1 968 264 2
0
0
0
0
0
0
0
0
0
0
0
0
0
0
0
0
0
0
0
0
0
0
0
0
0
0
0
0
0
0
0
0
0
0
0
0
0
0
0
0
0
0
0
0
0
0
0
0
0
0
0
0
0
0
0
0
0
0
0
0
0
0
0
0
0
0
0
0
0
0
0
0
0
0
0
0
0
0
0
0
0
0
0
0
0
0
0
0
0
0
0
0
0
0
0
0
0
0
0
0
0
0
0
0
0
0
0
0
0
0
0
0
0
0
0
0
0
0
0
0
0
0
0
0
0
0
0
0
0
0
0
0
0
0
0
0
0
0
0
0
0
0
0
0
0
0
0
0
0
0
0
0
0
0
0
0
0
0
0
0
0
0
0
0
0
0
0
0
0
0
0
0
0
0
0
0
0
0
0
0
0
0
0
0
0
1 1232 528 0
0
0
0
0
0
0
0
0
0
0
0
0
0
0
0
0
0
0
0
0
0
0
0
0
0
0
0
0
0
0
0
0
0
0
0
0
0
0
0
0
0
0
0
0
0
0
0
0
0
0
0
0
0
0
0
0
0
0
0
0
0
0
0
0
0
0
0
0
0
0
0
0
0
0
0
0
0
0
0
0
0
0
0
0
0
0
0
0
0
0
0
0
0
0
0
0
0
0
0
0
0
0
0
0
0
0
0
0
0
0
0
0
0
0
0
0
0
0
0
0
0
1 44 176
1 176 484
