1 0 0 7
1 44 0 7
1 88 0 9
1 132 0 9
1 176 0 9
1 220 0 9
1 264 0 9
1 308 0 9
1 352 0 9
1 396 0 9
1 440 0 9
1 484 0 9
1 528 0 9
1 572 0 9
1 616 0 9
1 660 0 9
1 704 0 9
1 748 0 9
1 792 0 9
1 836 0 9
1 880 0 9
1 924 0 9
1 968 0 9
1 1012 0 9
1 1056 0 9
1 1100 0 9
1 1144 0 9
1 1188 0 9
1 1232 0 7
1 1276 0 7
1 0 44 7
1 44 44 6
0
0
0
0
0
0
0
0
0
0
0
0
0
0
0
0
0
0
0
0
0
0
0
0
0
0
1 1232 44 4
1 1276 44 7
1 0 88 10
0
0
0
0
0
0
0
0
0
0
0
0
0
0
0
0
0
0
0
0
0
0
0
0
0
0
0
1 1232 88 4
1 1276 88 7
1 0 132 10
0
0
0
0
0
0
0
0
0
0
0
0
0
0
0
0
0
0
0
0
0
0
0
0
0
0
0
1 1232 132 4
1 1276 132 7
1 0 176 10
0
0
0
0
0
0
0
0
0
0
0
0
0
0
0
0
0
0
0
0
0
0
0
0
0
1 1144 176 0
1 1188 176 2
1 1232 176 7
1 1276 176 7
1 0 220 10
0
1 88 220 14
1 132 220 2
1 176 220 5
1 220 220 2
1 264 220 2
1 308 220 2
1 352 220 2
1 396 220 2
1 440 220 5
1 484 220 2
1 528 220 2
1 572 220 2
1 616 220 5
1 660 220 2
1 704 220 2
1 748 220 2
1 792 220 2
1 836 220 5
1 880 220 2
1 924 220 2
1 968 220 2
1 1012 220 2
1 1056 220 5
1 1100 220 2
1 1144 220 7
1 1188 220 7
1 1232 220 7
1 1276 220 7
1 0 264 10
0
0
1 132 264 8
0
1 220 264 4
1 264 264 7
1 308 264 7
1 352 264 7
1 396 264 10
0
1 484 264 4
1 528 264 7
1 572 264 10
0
1 660 264 4
1 704 264 7
1 748 264 7
1 792 264 10
0
1 880 264 4
1 924 264 7
1 968 264 7
1 1012 264 10
0
1 1100 264 4
1 1144 264 7
1 1188 264 7
1 1232 264 7
1 1276 264 7
1 0 308 10
0
0
1 132 308 12
0
1 220 308 3
1 264 308 9
1 308 308 9
1 352 308 9
1 396 308 6
0
1 484 308 3
1 528 308 9
1 572 308 6
0
1 660 308 3
1 704 308 9
1 748 308 9
1 792 308 6
0
1 880 308 3
1 924 308 9
1 968 308 9
1 1012 308 6
0
1 1100 308 3
1 1144 308 9
1 1188 308 9
1 1232 308 9
1 1276 308 7
1 0 352 7
1 44 352 15
0
0
0
0
0
0
0
0
0
0
0
0
0
0
0
0
0
0
0
0
0
0
0
0
0
0
0
1 1276 352 4
1 0 396 10
0
0
0
0
0
0
0
0
0
0
0
0
0
0
0
0
0
0
0
0
0
0
0
0
0
0
0
0
1 1276 396 4
1 0 440 7
1 44 440 2
1 88 440 2
1 132 440 5
1 176 440 5
1 220 440 5
1 264 440 5
1 308 440 5
1 352 440 5
1 396 440 5
1 440 440 5
1 484 440 5
1 528 440 5
1 572 440 5
1 616 440 5
1 660 440 5
1 704 440 5
1 748 440 5
1 792 440 5
1 836 440 5
1 880 440 5
1 924 440 5
1 968 440 5
1 1012 440 5
1 1056 440 5
1 1100 440 15
0
0
0
1 1276 440 4
1 0 484 7
1 44 484 9
1 88 484 6
0
0
0
0
0
0
0
0
0
0
0
0
0
0
0
0
0
0
0
0
0
0
0
0
0
0
1 1276 484 4
1 0 528 10
0
0
0
0
0
0
0
0
0
0
0
0
0
0
0
0
0
0
0
0
0
0
0
0
0
0
0
1 1232 528 0
1 1276 528 7
1 0 572 10
0
0
0
0
0
0
0
0
0
0
0
0
0
0
0
0
0
0
0
0
0
0
0
0
0
0
1 1188 572 0
1 1232 572 7
1 1276 572 7
1 0 616 7
1 44 616 2
1 88 616 1
0
0
1 220 616 13
0
0
1 352 616 13
0
0
1 484 616 13
0
0
1 616 616 13
0
0
1 748 616 13
0
0
1 880 616 13
0
0
1 1012 616 13
0
0
1 1144 616 0
1 1188 616 7
1 1232 616 7
1 1276 616 7
1 0 660 7
1 44 660 7
1 88 660 10
0
0
0
0
0
0
0
0
0
0
0
0
0
0
0
0
0
0
0
0
0
0
0
1 1144 660 4
1 1188 660 7
1 1232 660 7
1 1276 660 7
1 0 704 7
1 44 704 7
1 88 704 10
0
0
0
0
0
0
0
0
0
0
0
0
0
0
0
0
0
0
0
0
0
0
0
1 1144 704 4
1 1188 704 7
1 1232 704 7
1 1276 704 7
0
0
0
0
0
0
0
0
0
0
0
0
0
0
0
0
0
0
0
0
0
0
0
0
0
0
0
0
0
0
0
0
0
0
0
0
0
0
0
0
0
0
0
0
0
0
0
0
0
0
0
0
0
0
0
0
0
0
0
0
0
0
0
0
0
0
0
0
0
0
0
0
0
0
0
0
0
0
0
0
0
0
0
0
0
0
0
0
0
0
0
0
0
0
0
0
0
0
0
0
0
0
0
0
0
0
0
0
0
0
0
0
0
0
0
0
0
0
0
0
0
0
0
0
0
0
0
0
0
0
0
0
0
0
0
0
0
0
0
0
0
0
0
0
0
0
0
0
0
0
0
0
0
0
0
0
0
0
0
0
0
0
0
0
0
0
0
0
0
0
0
0
0
0
0
0
0
0
0
0
0
0
0
0
0
0
0
0
0
0
0
0
0
0
0
0
0
0
0
0
0
0
0
0
0
0
0
0
0
0
0
0
0
0
0
0
0
0
0
0
0
0
0
0
0
0
0
0
0
0
0
0
0
0
0
0
0
0
0
0
0
0
0
0
0
0
0
0
0
0
0
0
0
0
0
0
0
0
0
0
0
0
0
0
0
0
0
0
0
0
0
0
0
0
0
0
0
0
0
0
0
0
0
0
0
0
0
0
0
0
0
0
0
0
0
0
0
0
0
0
0
0
0
0
0
0
0
0
0
0
0
0
0
0
0
0
0
0
0
0
0
0
0
0
0
0
0
0
0
0
0
0
0
0
0
0
0
0
0
0
0
0
0
0
0
0
0
0
0
0
0
0
0
0
0
0
0
0
0
0
0
0
0
0
0
0
0
0
0
0
0
0
0
0
0
0
0
0
0
0
0
0
0
0
0
0
0
0
0
0
0
0
0
0
0
0
0
0
0
0
0
0
0
0
0
0
0
0
0
0
0
0
0
0
0
0
0
0
0
0
0
0
0
0
0
0
0
0
0
0
0
0
0
0
0
0
0
0
0
0
0
0
0
0
0
0
0
0
0
0
0
0
0
0
0
0
0
0
0
0
0
0
0
0
0
0
0
0
0
0
0
0
0
0
0
0
0
0
0
0
0
0
0
0
0
0
0
0
0
0
0
0
0
0
0
0
0
0
0
0
0
0
0
0
0
0
0
0
0
0
0
0
0
0
0
0
0
0
0
0
0
0
0
0
0
0
0
0
0
0
0
0
0
0
0
0
0
0
0
0
0
0
0
0
0
0
0
0
0
0
0
0
0
0
0
0
0
0
0
0
0
0
0
0
0
0
0
0
1 1232 44 0
0
0
0
0
0
0
0
0
0
0
0
0
0
0
0
0
0
0
0
0
0
0
0
0
0
0
0
0
0
0
0
0
0
0
0
0
0
0
0
0
0
0
0
0
0
0
0
0
0
0
0
0
0
0
0
0
0
0
0
0
0
0
0
0
0
0
0
0
0
0
0
0
0
0
0
0
0
0
0
0
0
0
0
0
0
0
0
1 1144 176 0
0
0
0
0
0
0
0
0
0
0
0
0
0
0
0
0
0
0
0
0
0
0
0
0
0
0
0
0
0
0
0
0
0
0
0
0
0
0
0
0
0
0
0
0
0
0
0
0
0
0
0
0
0
0
0
0
0
0
0
0
0
0
0
0
0
0
0
0
0
0
0
0
0
0
0
0
0
0
0
0
0
0
0
0
0
0
0
0
0
0
0
0
0
0
0
0
0
0
0
0
0
0
0
0
0
0
0
0
0
0
0
0
0
0
0
0
0
0
0
0
0
0
0
1 0 396 2
0
0
0
0
0
0
0
0
0
0
0
0
0
0
0
0
0
0
0
0
0
0
0
0
0
0
0
0
0
0
0
0
0
0
0
0
0
0
0
0
0
0
0
0
0
0
0
0
0
0
0
0
0
0
0
0
0
0
0
0
0
0
0
0
0
0
0
0
0
0
0
0
0
0
0
0
0
0
0
0
0
0
0
0
0
0
0
0
1 1276 484 0
0
0
0
0
0
0
0
0
0
0
0
0
0
0
0
0
0
0
0
0
0
0
0
0
0
0
0
0
0
0
0
0
0
0
0
0
0
0
0
0
0
0
0
0
0
0
0
0
0
0
0
0
0
0
0
0
0
1 1188 572 0
0
0
0
0
0
0
0
0
0
0
0
0
0
0
0
0
0
0
0
0
0
0
0
0
0
0
0
0
0
0
0
0
0
0
0
0
0
0
0
0
0
0
0
0
0
0
0
0
0
0
0
0
0
0
0
0
0
0
0
0
0
0
0
0
0
0
0
0
0
0
0
0
0
0
0
0
0
0
0
0
0
0
0
0
0
0
0
0
0
0
0
0
1 1100 132
1 44 528
