1 0 0 7
1 44 0 7
1 88 0 9
1 132 0 9
1 176 0 9
1 220 0 9
1 264 0 9
1 308 0 9
1 352 0 9
1 396 0 9
1 440 0 9
1 484 0 9
1 528 0 9
1 572 0 9
1 616 0 9
1 660 0 7
1 704 0 7
1 748 0 7
1 792 0 7
1 836 0 7
1 880 0 7
1 924 0 7
1 968 0 7
1 1012 0 7
1 1056 0 9
1 1100 0 9
1 1144 0 9
1 1188 0 9
1 1232 0 9
1 1276 0 7
1 0 44 7
1 44 44 10
0
0
0
0
0
0
0
0
0
0
0
0
0
1 660 44 4
1 704 44 7
1 748 44 7
1 792 44 7
1 836 44 7
1 880 44 7
1 924 44 7
1 968 44 7
1 1012 44 10
0
0
0
0
0
1 1276 44 4
1 0 88 7
1 44 88 10
0
0
0
0
0
0
0
0
0
0
0
0
0
1 660 88 4
1 704 88 7
1 748 88 7
1 792 88 7
1 836 88 7
1 880 88 7
1 924 88 7
1 968 88 7
1 1012 88 10
0
0
0
0
0
1 1276 88 4
1 0 132 7
1 44 132 10
0
0
0
0
0
0
0
0
0
0
0
0
0
1 660 132 4
1 704 132 7
1 748 132 7
1 792 132 7
1 836 132 7
1 880 132 7
1 924 132 7
1 968 132 9
1 1012 132 6
0
0
0
0
0
1 1276 132 4
1 0 176 7
1 44 176 10
0
0
0
0
0
0
0
0
0
0
0
0
0
1 660 176 4
1 704 176 7
1 748 176 7
1 792 176 7
1 836 176 7
1 880 176 7
1 924 176 10
0
0
0
0
0
0
0
1 1276 176 4
1 0 220 7
1 44 220 10
0
0
0
0
0
0
0
0
0
0
0
0
0
1 660 220 4
1 704 220 7
1 748 220 7
1 792 220 7
1 836 220 7
1 880 220 7
1 924 220 10
0
0
0
0
0
1 1188 220 14
1 1232 220 5
1 1276 220 7
1 0 264 7
1 44 264 10
0
0
0
0
0
0
0
1 396 264 0
1 440 264 1
0
0
0
0
1 660 264 4
1 704 264 7
1 748 264 7
1 792 264 7
1 836 264 7
1 880 264 7
1 924 264 10
0
0
0
0
0
0
0
1 1276 264 4
1 0 308 7
1 44 308 10
0
0
0
0
0
0
0
1 396 308 3
1 440 308 6
0
0
0
0
1 660 308 4
1 704 308 7
1 748 308 7
1 792 308 7
1 836 308 7
1 880 308 7
1 924 308 7
1 968 308 5
1 1012 308 15
0
0
0
0
0
1 1276 308 4
1 0 352 7
1 44 352 10
0
0
0
0
0
0
0
0
0
0
0
0
0
1 660 352 4
1 704 352 7
1 748 352 7
1 792 352 7
1 836 352 7
1 880 352 7
1 924 352 10
0
0
0
0
0
0
0
1 1276 352 4
1 0 396 7
1 44 396 10
0
0
0
0
0
0
1 352 396 14
1 396 396 5
1 440 396 15
0
0
0
0
1 660 396 4
1 704 396 7
1 748 396 7
1 792 396 7
1 836 396 7
1 880 396 7
1 924 396 10
0
0
0
0
0
1 1188 396 14
1 1232 396 5
1 1276 396 7
1 0 440 7
1 44 440 10
0
0
0
0
0
0
0
0
0
0
0
0
0
1 660 440 4
1 704 440 7
1 748 440 7
1 792 440 7
1 836 440 7
1 880 440 7
1 924 440 10
0
0
0
0
0
0
0
1 1276 440 4
1 0 484 7
1 44 484 10
0
0
0
0
0
1 308 484 14
1 352 484 5
1 396 484 5
1 440 484 15
0
0
0
0
1 660 484 4
1 704 484 7
1 748 484 7
1 792 484 7
1 836 484 7
1 880 484 7
1 924 484 7
1 968 484 5
1 1012 484 15
0
0
0
0
0
1 1276 484 4
1 0 528 7
1 44 528 10
0
0
0
0
0
0
0
0
0
0
0
0
0
1 660 528 3
1 704 528 9
1 748 528 9
1 792 528 9
1 836 528 9
1 880 528 9
1 924 528 6
0
0
0
0
0
0
0
1 1276 528 4
1 0 572 7
1 44 572 10
0
0
0
0
1 264 572 0
1 308 572 2
1 352 572 2
1 396 572 2
1 440 572 1
0
0
0
0
0
0
0
0
0
0
0
0
0
0
0
0
1 1188 572 14
1 1232 572 5
1 1276 572 7
1 0 616 7
1 44 616 10
0
0
0
1 220 616 0
1 264 616 7
1 308 616 7
1 352 616 7
1 396 616 7
1 440 616 10
0
0
0
0
0
0
0
0
0
0
0
0
0
0
0
0
0
0
1 1276 616 4
1 0 660 7
1 44 660 7
1 88 660 2
1 132 660 2
1 176 660 2
1 220 660 7
1 264 660 7
1 308 660 7
1 352 660 7
1 396 660 7
1 440 660 10
0
0
0
0
0
0
0
0
0
0
0
0
0
1 1056 660 0
1 1100 660 2
1 1144 660 1
0
0
1 1276 660 4
1 0 704 7
1 44 704 7
1 88 704 7
1 132 704 7
1 176 704 7
1 220 704 7
1 264 704 7
1 308 704 7
1 352 704 7
1 396 704 7
1 440 704 7
1 484 704 2
1 528 704 2
1 572 704 2
1 616 704 2
1 660 704 2
1 704 704 2
1 748 704 2
1 792 704 2
1 836 704 2
1 880 704 2
1 924 704 2
1 968 704 2
1 1012 704 2
1 1056 704 7
1 1100 704 7
1 1144 704 7
1 1188 704 2
1 1232 704 2
1 1276 704 7
0
0
0
0
0
0
0
0
0
0
0
0
0
0
0
0
0
0
0
0
0
0
0
0
0
0
0
0
0
0
0
0
0
0
0
0
0
0
0
0
0
0
0
0
0
0
0
0
0
0
0
0
0
0
0
0
0
0
0
0
0
0
0
0
0
0
0
0
0
0
0
0
0
0
0
0
0
0
0
0
0
0
0
0
0
0
0
0
0
0
0
0
0
0
0
0
0
0
0
0
0
0
0
0
0
0
0
0
0
0
0
0
0
0
0
0
0
0
0
0
0
0
0
0
0
0
0
0
0
0
0
0
0
0
0
0
0
0
0
0
0
0
0
0
0
0
0
0
0
0
0
0
0
0
0
0
0
0
0
0
0
0
0
0
0
0
0
0
0
0
0
0
0
0
0
0
0
0
0
0
0
0
0
0
0
0
0
0
0
0
0
0
0
0
0
0
0
0
0
0
0
0
0
0
0
0
0
0
0
0
0
0
0
0
0
0
0
0
0
0
0
0
0
0
0
0
0
0
0
0
0
0
0
0
0
0
0
0
0
0
0
0
0
0
0
0
0
0
0
0
0
0
0
0
0
0
0
0
0
0
0
0
0
0
0
0
0
0
0
0
0
0
0
0
0
0
0
0
0
0
0
0
0
0
0
0
0
0
0
0
0
0
0
0
0
0
0
0
0
0
0
0
0
0
0
0
0
0
0
0
0
0
0
0
0
0
0
0
0
0
0
0
0
0
0
0
0
0
0
0
0
0
0
0
0
0
0
0
0
0
0
0
0
0
0
0
0
0
0
0
0
0
0
0
0
0
0
0
0
0
0
0
0
0
0
0
0
0
0
0
0
0
0
0
0
0
0
0
0
0
0
0
0
0
0
0
0
0
0
0
0
0
0
0
0
0
0
0
0
0
0
0
0
0
0
0
0
0
0
0
0
0
0
0
0
0
0
0
0
0
0
0
0
0
0
0
0
0
0
0
0
0
0
0
0
0
0
0
0
0
0
0
0
0
0
0
0
0
0
0
0
0
0
0
0
0
0
0
0
0
0
0
0
0
0
0
0
0
0
0
0
0
0
0
0
0
0
0
0
0
0
0
0
0
0
0
0
0
0
0
0
0
0
0
0
0
0
0
0
0
0
0
0
0
0
0
0
0
0
0
0
0
0
0
0
0
0
0
0
0
0
0
0
0
0
0
0
0
0
0
0
0
0
0
0
0
0
0
0
0
0
0
0
0
0
0
0
0
0
0
0
0
0
0
0
0
0
0
0
0
0
0
0
0
0
0
0
0
0
0
0
0
0
0
0
0
0
0
0
0
0
0
0
0
0
0
0
0
0
0
0
0
0
0
0
0
0
0
0
0
0
0
0
0
0
0
0
0
0
0
0
0
0
0
0
0
0
0
0
0
0
0
0
0
0
0
0
0
0
0
0
0
0
0
0
0
0
0
0
0
0
0
0
0
0
0
0
0
0
0
0
1 924 176 2
0
0
0
0
0
0
0
0
0
0
0
0
0
0
0
0
0
0
0
0
0
0
0
0
0
0
0
0
0
0
0
0
0
0
0
0
0
0
0
0
0
0
0
0
0
0
0
0
0
0
0
0
0
0
0
0
0
0
0
0
0
0
0
0
0
0
0
0
0
0
0
0
0
0
0
0
0
0
0
0
0
0
0
0
0
0
0
0
0
0
0
0
0
0
0
0
0
0
0
0
0
0
0
0
0
0
0
0
0
0
0
0
0
1 660 352 0
0
0
0
0
0
0
0
0
0
0
0
0
0
0
0
0
0
0
0
0
0
0
0
0
0
0
0
0
0
0
0
0
0
0
0
0
0
0
0
0
0
0
0
0
0
0
0
0
0
0
0
0
0
0
0
0
0
0
0
1 660 440 0
0
0
0
0
0
0
0
0
0
0
0
0
0
0
0
0
0
0
0
0
0
0
0
0
0
0
0
0
0
0
0
0
0
0
0
0
0
0
0
0
0
0
0
0
0
0
0
0
0
0
0
0
0
0
0
0
0
0
0
1 660 528 0
0
0
0
0
0
0
0
0
0
0
0
0
0
0
0
0
0
0
0
0
0
0
0
0
0
0
0
0
0
0
0
0
0
0
0
0
0
0
0
0
0
0
0
0
0
0
0
0
0
0
0
0
0
0
0
0
0
0
0
0
0
0
0
0
0
0
0
0
0
0
0
0
0
0
0
0
0
0
0
0
0
0
0
0
0
0
0
0
0
0
0
0
0
0
0
0
0
0
0
1 1100 660 1
0
0
0
0
0
0
0
0
0
0
0
0
0
0
0
0
0
0
0
0
0
0
0
0
0
0
0
0
0
0
0
0
0
0
1 1232 132
1 88 572
