1 0 0 7
1 44 0 7
1 88 0 7
1 132 0 7
1 176 0 7
1 220 0 7
1 264 0 7
1 308 0 7
1 352 0 7
1 396 0 7
1 440 0 7
1 484 0 7
1 528 0 7
1 572 0 7
1 616 0 7
1 660 0 7
1 704 0 7
1 748 0 7
1 792 0 7
1 836 0 7
1 880 0 7
1 924 0 7
1 968 0 7
1 1012 0 9
1 1056 0 9
1 1100 0 9
1 1144 0 9
1 1188 0 9
1 1232 0 7
1 1276 0 7
1 0 44 7
1 44 44 9
1 88 44 9
1 132 44 9
1 176 44 9
1 220 44 9
1 264 44 9
1 308 44 9
1 352 44 9
1 396 44 9
1 440 44 9
1 484 44 9
1 528 44 9
1 572 44 9
1 616 44 9
1 660 44 9
1 704 44 9
1 748 44 9
1 792 44 9
1 836 44 9
1 880 44 9
1 924 44 9
1 968 44 6
0
0
0
0
0
1 1232 44 4
1 1276 44 7
1 0 88 10
0
0
0
0
0
0
0
0
0
0
0
0
0
0
0
0
0
0
0
0
0
0
0
0
0
0
0
1 1232 88 4
1 1276 88 7
1 0 132 10
0
0
0
0
0
0
0
0
0
0
0
0
0
0
0
0
0
0
0
0
0
0
0
0
0
0
0
1 1232 132 4
1 1276 132 7
1 0 176 10
0
0
0
0
0
0
0
0
0
0
0
0
0
0
0
0
0
0
0
0
0
0
0
0
0
0
0
1 1232 176 4
1 1276 176 7
1 0 220 10
0
0
0
1 176 220 14
1 220 220 5
1 264 220 5
1 308 220 5
1 352 220 5
1 396 220 5
1 440 220 5
1 484 220 5
1 528 220 5
1 572 220 5
1 616 220 5
1 660 220 5
1 704 220 5
1 748 220 5
1 792 220 5
1 836 220 5
1 880 220 5
1 924 220 5
1 968 220 5
1 1012 220 5
1 1056 220 5
1 1100 220 5
1 1144 220 5
1 1188 220 5
1 1232 220 7
1 1276 220 7
1 0 264 10
0
0
0
0
0
0
0
0
0
0
0
0
0
0
0
0
0
0
0
0
0
0
0
0
0
0
0
1 1232 264 4
1 1276 264 7
1 0 308 7
1 44 308 1
0
0
0
0
0
0
0
0
0
0
0
0
0
0
0
0
0
0
0
0
0
0
0
0
0
0
1 1232 308 4
1 1276 308 7
1 0 352 7
1 44 352 7
1 88 352 1
0
0
0
0
0
0
0
0
0
0
0
0
0
0
0
0
0
0
0
0
0
0
0
0
0
1 1232 352 4
1 1276 352 7
1 0 396 9
1 44 396 9
1 88 396 9
1 132 396 5
1 176 396 5
1 220 396 5
1 264 396 5
1 308 396 5
1 352 396 5
1 396 396 5
1 440 396 5
1 484 396 5
1 528 396 5
1 572 396 5
1 616 396 5
1 660 396 5
1 704 396 5
1 748 396 5
1 792 396 5
1 836 396 5
1 880 396 5
1 924 396 5
1 968 396 5
1 1012 396 5
1 1056 396 15
0
0
0
1 1232 396 4
1 1276 396 7
0
0
0
0
0
0
0
0
0
0
0
0
0
0
0
0
0
0
0
0
0
0
0
0
0
0
0
0
1 1232 440 4
1 1276 440 7
0
0
0
0
0
0
0
0
0
0
0
0
0
0
0
0
0
0
0
0
0
0
0
0
0
0
0
1 1188 484 0
1 1232 484 7
1 1276 484 7
0
0
0
0
0
0
0
0
0
0
0
0
0
0
0
0
0
0
0
0
0
0
0
0
0
0
1 1144 528 0
1 1188 528 7
1 1232 528 7
1 1276 528 7
0
0
0
0
0
0
0
0
0
0
0
0
0
0
0
0
0
0
0
0
0
0
0
0
0
1 1100 572 0
1 1144 572 7
1 1188 572 7
1 1232 572 7
1 1276 572 7
1 0 616 2
1 44 616 2
1 88 616 2
1 132 616 2
1 176 616 2
1 220 616 2
1 264 616 2
1 308 616 2
1 352 616 2
1 396 616 2
1 440 616 2
1 484 616 2
1 528 616 2
1 572 616 2
1 616 616 2
1 660 616 2
1 704 616 2
1 748 616 2
1 792 616 2
1 836 616 2
1 880 616 2
1 924 616 2
1 968 616 2
1 1012 616 2
1 1056 616 2
1 1100 616 7
1 1144 616 7
1 1188 616 7
1 1232 616 7
1 1276 616 7
1 0 660 7
1 44 660 7
1 88 660 7
1 132 660 7
1 176 660 7
1 220 660 7
1 264 660 7
1 308 660 7
1 352 660 7
1 396 660 7
1 440 660 7
1 484 660 7
1 528 660 7
1 572 660 7
1 616 660 7
1 660 660 7
1 704 660 7
1 748 660 7
1 792 660 7
1 836 660 7
1 880 660 7
1 924 660 7
1 968 660 7
1 1012 660 7
1 1056 660 7
1 1100 660 7
1 1144 660 7
1 1188 660 7
1 1232 660 7
1 1276 660 7
1 0 704 7
1 44 704 7
1 88 704 7
1 132 704 7
1 176 704 7
1 220 704 7
1 264 704 7
1 308 704 7
1 352 704 7
1 396 704 7
1 440 704 7
1 484 704 7
1 528 704 7
1 572 704 7
1 616 704 7
1 660 704 7
1 704 704 7
1 748 704 7
1 792 704 7
1 836 704 7
1 880 704 7
1 924 704 7
1 968 704 7
1 1012 704 7
1 1056 704 7
1 1100 704 7
1 1144 704 7
1 1188 704 7
1 1232 704 7
1 1276 704 7
0
0
0
0
0
0
0
0
0
0
0
0
0
0
0
0
0
0
0
0
0
0
0
0
0
0
0
0
0
0
0
0
0
0
0
0
0
0
0
0
0
0
0
0
0
0
0
0
0
0
0
0
0
0
0
0
0
0
0
0
0
0
0
0
0
0
0
0
0
0
0
0
0
0
0
0
0
0
0
0
0
0
0
0
0
0
0
0
0
0
0
0
0
0
0
0
0
0
0
0
0
0
0
0
0
0
0
0
0
0
0
0
0
0
0
0
0
0
0
0
0
0
0
0
0
0
0
0
0
0
0
0
0
0
0
0
0
0
0
0
0
0
0
0
0
0
0
0
0
0
0
0
0
0
0
0
0
0
0
0
0
0
0
0
0
0
0
0
0
0
0
0
0
0
0
0
0
0
0
0
0
0
0
0
0
0
0
0
0
0
0
0
0
0
0
0
0
0
0
0
0
0
0
0
0
0
0
0
0
0
0
0
0
0
0
0
0
0
0
0
0
0
0
0
0
0
0
0
0
0
0
0
0
0
0
0
0
0
0
0
0
0
0
0
0
0
0
0
0
0
0
0
0
0
0
0
0
0
0
0
0
0
0
0
0
0
0
0
0
0
0
0
0
0
0
0
0
0
0
0
0
0
0
0
0
0
0
0
0
0
0
0
0
0
0
0
0
0
0
0
0
0
0
0
0
0
0
0
0
0
0
0
0
0
0
0
0
0
0
0
0
0
0
0
0
0
0
0
0
0
0
0
0
0
0
0
0
0
0
0
0
0
0
0
0
0
0
0
0
0
0
0
0
0
0
0
0
0
0
0
0
0
0
0
0
0
0
0
0
0
0
0
0
0
0
0
0
0
0
0
0
0
0
0
0
0
0
0
0
0
0
0
0
0
0
0
0
0
0
0
0
0
0
0
0
0
0
0
0
0
0
0
0
0
0
0
0
0
0
0
0
0
0
0
0
0
0
0
0
0
0
0
0
0
0
0
0
0
0
0
0
0
0
0
0
0
0
0
0
0
0
0
0
0
0
0
0
0
0
0
0
0
0
0
0
0
0
0
0
0
0
0
0
0
0
0
0
0
0
0
0
0
0
0
0
0
0
0
0
0
0
0
0
0
0
0
0
0
0
0
0
0
0
0
0
0
0
0
0
0
0
0
0
0
0
0
0
0
0
0
0
0
0
0
0
0
0
0
0
0
0
0
0
0
0
0
0
0
0
0
0
0
0
0
0
0
0
0
0
0
0
0
0
0
0
0
0
0
0
0
0
0
0
0
0
0
0
0
0
0
0
0
0
0
0
0
0
0
0
0
0
0
0
0
0
0
0
0
0
0
0
0
0
0
0
0
0
0
0
0
0
0
0
0
0
0
0
0
0
0
0
0
0
0
0
0
0
0
0
0
0
0
0
0
0
0
0
0
0
0
0
0
0
0
0
0
0
0
0
0
0
0
0
0
0
0
0
0
0
0
0
0
0
0
0
0
0
0
0
0
0
0
0
0
0
0
0
0
0
0
0
0
0
0
0
0
0
0
0
0
0
0
0
0
0
0
0
0
0
0
0
0
0
0
0
0
0
0
0
0
0
0
0
0
0
0
0
0
0
0
0
0
0
0
0
0
0
0
0
0
0
0
0
0
0
0
0
0
0
0
0
0
0
0
0
0
0
0
0
0
0
0
0
0
0
0
0
0
0
0
0
0
0
0
0
0
0
0
0
0
0
0
0
0
0
0
0
0
0
0
0
0
0
0
0
0
0
0
0
0
0
0
0
0
0
0
0
0
0
0
0
0
0
0
0
0
0
0
0
0
0
0
0
0
0
0
0
0
0
0
0
0
0
0
0
0
0
0
0
0
0
0
0
0
0
0
0
0
0
0
0
0
0
0
0
0
0
0
0
0
0
0
0
0
0
0
0
0
0
0
0
0
0
0
0
0
0
0
0
0
0
0
0
0
0
0
0
0
0
0
0
0
0
0
0
0
0
0
0
0
0
0
0
0
0
0
0
0
0
0
0
0
0
0
0
0
0
0
0
0
0
0
0
0
0
0
0
0
0
0
0
0
0
0
0
0
0
0
0
0
0
0
0
0
0
0
0
0
0
0
0
0
0
0
0
0
0
0
0
0
0
0
0
0
0
0
0
0
0
0
0
0
0
0
0
0
0
0
0
0
0
0
0
0
0
0
0
0
0
0
0
0
0
0
0
0
0
0
0
0
0
0
0
0
0
0
0
0
0
0
0
0
0
0
0
0
0
0
0
0
0
0
0
0
0
0
0
0
0
0
0
0
0
0
0
0
0
0
0
0
1 1100 132
1 44 528
