1 0 0 7
1 44 0 7
1 88 0 7
1 132 0 7
1 176 0 7
1 220 0 7
1 264 0 7
1 308 0 7
1 352 0 7
1 396 0 7
1 440 0 7
1 484 0 7
1 528 0 7
1 572 0 7
1 616 0 7
1 660 0 7
1 704 0 7
1 748 0 7
1 792 0 7
1 836 0 7
1 880 0 7
1 924 0 7
1 968 0 7
1 1012 0 7
1 1056 0 7
1 1100 0 7
1 1144 0 7
1 1188 0 7
1 1232 0 7
1 1276 0 7
1 0 44 7
1 44 44 7
1 88 44 7
1 132 44 7
1 176 44 7
1 220 44 7
1 264 44 7
1 308 44 7
1 352 44 7
1 396 44 7
1 440 44 7
1 484 44 7
1 528 44 7
1 572 44 7
1 616 44 7
1 660 44 7
1 704 44 7
1 748 44 7
1 792 44 7
1 836 44 7
1 880 44 7
1 924 44 7
1 968 44 7
1 1012 44 7
1 1056 44 7
1 1100 44 7
1 1144 44 7
1 1188 44 7
1 1232 44 7
1 1276 44 7
1 0 88 7
1 44 88 7
1 88 88 7
1 132 88 7
1 176 88 7
1 220 88 7
1 264 88 7
1 308 88 7
1 352 88 7
1 396 88 7
1 440 88 7
1 484 88 7
1 528 88 7
1 572 88 7
1 616 88 7
1 660 88 7
1 704 88 7
1 748 88 7
1 792 88 7
1 836 88 7
1 880 88 7
1 924 88 7
1 968 88 7
1 1012 88 7
1 1056 88 7
1 1100 88 7
1 1144 88 7
1 1188 88 7
1 1232 88 7
1 1276 88 7
1 0 132 7
1 44 132 7
1 88 132 7
1 132 132 7
1 176 132 7
1 220 132 7
1 264 132 7
1 308 132 7
1 352 132 7
1 396 132 7
1 440 132 7
1 484 132 7
1 528 132 7
1 572 132 7
1 616 132 7
1 660 132 7
1 704 132 7
1 748 132 7
1 792 132 7
1 836 132 7
1 880 132 7
1 924 132 7
1 968 132 7
1 1012 132 7
1 1056 132 7
1 1100 132 7
1 1144 132 7
1 1188 132 7
1 1232 132 7
1 1276 132 7
1 0 176 7
1 44 176 7
1 88 176 7
1 132 176 7
1 176 176 7
1 220 176 7
1 264 176 7
1 308 176 7
1 352 176 7
1 396 176 7
1 440 176 7
1 484 176 7
1 528 176 7
1 572 176 7
1 616 176 7
1 660 176 7
1 704 176 7
1 748 176 7
1 792 176 7
1 836 176 7
1 880 176 7
1 924 176 7
1 968 176 7
1 1012 176 7
1 1056 176 7
1 1100 176 7
1 1144 176 7
1 1188 176 7
1 1232 176 7
1 1276 176 7
1 0 220 7
1 44 220 7
1 88 220 7
1 132 220 7
1 176 220 7
1 220 220 7
1 264 220 7
1 308 220 7
1 352 220 7
1 396 220 7
1 440 220 7
1 484 220 7
1 528 220 7
1 572 220 7
1 616 220 7
1 660 220 7
1 704 220 7
1 748 220 7
1 792 220 7
1 836 220 7
1 880 220 7
1 924 220 7
1 968 220 7
1 1012 220 7
1 1056 220 7
1 1100 220 7
1 1144 220 7
1 1188 220 7
1 1232 220 7
1 1276 220 7
1 0 264 9
1 44 264 9
1 88 264 9
1 132 264 9
1 176 264 9
1 220 264 9
1 264 264 9
1 308 264 9
1 352 264 9
1 396 264 9
1 440 264 9
1 484 264 9
1 528 264 9
1 572 264 9
1 616 264 9
1 660 264 9
1 704 264 9
1 748 264 9
1 792 264 9
1 836 264 9
1 880 264 9
1 924 264 9
1 968 264 9
1 1012 264 9
1 1056 264 9
1 1100 264 9
1 1144 264 9
1 1188 264 9
1 1232 264 9
1 1276 264 9
0
0
0
0
0
0
0
0
0
0
0
0
0
0
0
0
0
0
0
0
0
0
0
0
0
0
0
0
0
0
0
0
0
0
0
0
0
0
0
0
0
0
0
0
0
0
0
0
0
0
0
0
0
0
0
0
0
0
0
0
0
0
0
0
0
0
0
0
0
0
0
0
0
0
0
0
0
0
0
0
0
0
0
0
0
0
0
0
0
0
0
0
0
0
0
0
0
0
0
0
0
0
0
0
0
0
0
0
0
0
0
0
0
0
0
0
0
0
0
0
0
0
0
0
0
0
0
0
0
0
0
0
0
0
0
0
0
0
0
0
0
0
0
0
0
0
0
0
0
0
0
0
0
0
0
0
0
0
0
0
0
0
0
0
0
0
0
0
0
0
0
0
0
0
0
0
0
0
0
0
1 0 572 2
1 44 572 2
1 88 572 2
1 132 572 2
1 176 572 2
1 220 572 2
1 264 572 2
1 308 572 2
1 352 572 2
1 396 572 2
1 440 572 2
1 484 572 2
1 528 572 2
1 572 572 2
1 616 572 2
1 660 572 2
1 704 572 2
1 748 572 2
1 792 572 2
1 836 572 2
1 880 572 2
1 924 572 2
1 968 572 2
1 1012 572 2
1 1056 572 2
1 1100 572 2
1 1144 572 2
1 1188 572 2
1 1232 572 2
1 1276 572 2
1 0 616 7
1 44 616 7
1 88 616 7
1 132 616 7
1 176 616 7
1 220 616 7
1 264 616 7
1 308 616 7
1 352 616 7
1 396 616 7
1 440 616 7
1 484 616 7
1 528 616 7
1 572 616 7
1 616 616 7
1 660 616 7
1 704 616 7
1 748 616 7
1 792 616 7
1 836 616 7
1 880 616 7
1 924 616 7
1 968 616 7
1 1012 616 7
1 1056 616 7
1 1100 616 7
1 1144 616 7
1 1188 616 7
1 1232 616 7
1 1276 616 7
1 0 660 7
1 44 660 7
1 88 660 7
1 132 660 7
1 176 660 7
1 220 660 7
1 264 660 7
1 308 660 7
1 352 660 7
1 396 660 7
1 440 660 7
1 484 660 7
1 528 660 7
1 572 660 7
1 616 660 7
1 660 660 7
1 704 660 7
1 748 660 7
1 792 660 7
1 836 660 7
1 880 660 7
1 924 660 7
1 968 660 7
1 1012 660 7
1 1056 660 7
1 1100 660 7
1 1144 660 7
1 1188 660 7
1 1232 660 7
1 1276 660 7
1 0 704 7
1 44 704 7
1 88 704 7
1 132 704 7
1 176 704 7
1 220 704 7
1 264 704 7
1 308 704 7
1 352 704 7
1 396 704 7
1 440 704 7
1 484 704 7
1 528 704 7
1 572 704 7
1 616 704 7
1 660 704 7
1 704 704 7
1 748 704 7
1 792 704 7
1 836 704 7
1 880 704 7
1 924 704 7
1 968 704 7
1 1012 704 7
1 1056 704 7
1 1100 704 7
1 1144 704 7
1 1188 704 7
1 1232 704 7
1 1276 704 7
0
0
0
0
0
0
0
0
0
0
0
0
0
0
0
0
0
0
0
0
0
0
0
0
0
0
0
0
0
0
0
0
0
0
0
0
0
0
0
0
0
0
0
0
0
0
0
0
0
0
0
0
0
0
0
0
0
0
0
0
0
0
0
0
0
0
0
0
0
0
0
0
0
0
0
0
0
0
0
0
0
0
0
0
0
0
0
0
0
0
0
0
0
0
0
0
0
0
0
0
0
0
0
0
0
0
0
0
0
0
0
0
0
0
0
0
0
0
0
0
0
0
0
0
0
0
0
0
0
0
0
0
0
0
0
0
0
0
0
0
0
0
0
0
0
0
0
0
0
0
0
0
0
0
0
0
0
0
0
0
0
0
0
0
0
0
0
0
0
0
0
0
0
0
0
0
0
0
0
0
0
0
0
0
0
0
0
0
0
0
0
0
0
0
0
0
0
0
0
0
0
0
0
0
0
0
0
0
0
0
0
0
0
0
0
0
0
0
0
0
0
0
0
0
0
0
0
0
0
0
0
0
0
0
0
0
0
0
0
0
0
0
0
0
0
0
0
0
0
0
0
0
0
0
0
0
0
0
0
0
0
0
0
0
0
0
0
0
0
0
0
0
0
0
0
0
0
0
0
0
0
0
0
0
0
0
0
0
0
0
0
0
0
0
0
0
0
0
0
0
0
0
0
0
0
0
0
0
0
0
0
0
0
0
0
0
0
0
0
0
0
0
0
0
0
0
0
0
0
0
0
0
0
0
0
0
0
0
0
0
0
0
0
0
0
0
0
0
0
0
0
0
0
0
0
0
0
0
0
0
0
0
0
0
0
0
0
0
0
0
1 440 528 0
0
0
0
0
0
0
0
0
0
0
0
0
0
0
0
0
0
0
0
0
0
0
0
0
0
0
0
0
0
0
0
0
0
0
0
0
0
0
0
0
0
0
0
0
0
0
0
0
0
0
0
0
0
0
0
0
0
0
0
0
0
0
0
0
0
0
0
0
0
0
0
0
0
0
0
0
0
0
0
0
0
0
0
0
0
0
0
0
0
0
0
0
0
0
0
0
0
0
0
0
0
0
0
0
0
0
0
0
0
0
0
0
0
0
0
0
0
0
0
0
0
0
0
0
0
0
0
0
0
0
0
0
0
0
0
0
0
0
0
0
0
0
0
0
0
0
0
0
0
0
0
0
0
0
0
0
0
0
0
0
0
0
0
0
0
0
0
0
0
0
0
0
0
0
0
0
0
0
0
0
0
0
0
0
0
0
0
0
0
0
0
0
0
0
0
0
0
0
0
0
0
0
0
0
0
0
0
0
0
0
0
0
0
0
0
0
0
0
0
0
0
0
0
0
0
0
0
0
0
0
0
0
0
0
0
0
0
0
0
0
0
0
0
0
0
0
0
0
0
0
0
0
0
0
0
0
0
0
0
0
0
0
0
0
0
0
0
0
0
0
0
0
0
0
0
0
0
0
0
0
0
0
0
0
0
0
0
0
0
0
0
0
0
0
0
0
0
0
0
0
0
0
0
0
0
0
0
0
0
0
0
0
0
0
0
0
0
0
0
0
0
0
0
0
0
0
0
0
0
0
0
0
0
0
0
0
0
0
0
0
0
0
0
0
0
0
0
0
0
0
0
0
0
0
0
0
0
0
0
0
0
0
0
0
0
0
0
0
0
0
0
0
0
0
0
0
0
0
0
0
0
0
0
0
0
0
0
0
0
0
0
0
0
0
0
0
0
0
0
0
0
0
0
0
0
0
0
0
0
0
0
0
0
0
0
0
0
0
0
0
0
0
0
0
0
0
0
0
0
0
0
0
0
0
0
0
0
0
0
0
0
0
0
0
0
0
0
0
0
0
0
0
0
0
0
0
0
0
0
0
0
0
0
0
0
0
0
0
0
0
0
0
0
0
0
0
0
0
0
0
0
0
0
0
0
0
0
0
0
0
0
0
0
0
0
0
0
0
0
0
0
0
0
0
0
0
0
0
0
0
0
0
0
0
0
0
0
0
0
0
0
0
0
0
0
0
0
0
0
0
0
0
0
0
0
0
0
0
0
0
0
0
0
0
0
0
0
0
0
0
0
0
0
0
0
0
0
0
0
0
0
0
0
0
0
0
0
0
0
0
0
0
0
0
0
0
0
0
0
0
0
0
0
0
0
0
0
0
0
0
0
0
0
0
0
0
0
0
0
0
0
0
0
0
0
0
0
0
0
0
0
0
0
0
0
0
0
0
0
0
0
0
0
0
0
0
0
0
0
0
0
0
0
0
0
0
0
0
0
0
0
0
0
0
0
0
0
0
0
1 1188 484
