1 0 0 7
1 44 0 9
1 88 0 9
1 132 0 9
1 176 0 9
1 220 0 9
1 264 0 9
1 308 0 9
1 352 0 9
1 396 0 9
1 440 0 9
1 484 0 9
1 528 0 9
1 572 0 9
1 616 0 9
1 660 0 9
1 704 0 9
1 748 0 9
1 792 0 9
1 836 0 9
1 880 0 9
1 924 0 9
1 968 0 9
1 1012 0 9
1 1056 0 9
1 1100 0 9
1 1144 0 9
1 1188 0 7
1 1232 0 9
1 1276 0 7
1 0 44 10
0
0
0
0
0
0
0
0
0
0
0
0
0
0
0
0
0
0
0
0
0
0
0
0
0
0
1 1188 44 8
0
1 1276 44 4
1 0 88 10
0
0
0
0
0
0
0
0
0
0
0
0
0
0
0
0
0
0
0
0
0
0
0
0
0
0
1 1188 88 8
0
1 1276 88 4
1 0 132 10
0
0
0
0
0
0
0
0
0
0
0
0
0
0
0
0
0
0
0
0
0
0
0
0
0
0
1 1188 132 8
0
1 1276 132 4
1 0 176 7
1 44 176 5
1 88 176 5
1 132 176 5
1 176 176 5
1 220 176 5
1 264 176 5
1 308 176 5
1 352 176 5
1 396 176 5
1 440 176 5
1 484 176 5
1 528 176 5
1 572 176 5
1 616 176 5
1 660 176 5
1 704 176 5
1 748 176 5
1 792 176 5
1 836 176 5
1 880 176 5
1 924 176 5
1 968 176 5
1 1012 176 5
1 1056 176 5
1 1100 176 15
0
1 1188 176 8
0
1 1276 176 4
1 0 220 10
0
0
0
0
0
0
0
0
0
0
0
0
0
0
0
0
0
0
0
0
0
0
0
0
0
0
1 1188 220 8
0
1 1276 220 4
1 0 264 10
0
0
0
0
0
0
0
0
0
0
0
0
0
0
0
0
0
0
0
0
0
0
0
0
0
0
1 1188 264 8
0
1 1276 264 4
1 0 308 10
0
1 88 308 14
1 132 308 5
1 176 308 5
1 220 308 5
1 264 308 5
1 308 308 5
1 352 308 5
1 396 308 5
1 440 308 5
1 484 308 5
1 528 308 5
1 572 308 5
1 616 308 5
1 660 308 5
1 704 308 5
1 748 308 5
1 792 308 5
1 836 308 5
1 880 308 5
1 924 308 5
1 968 308 5
1 1012 308 5
1 1056 308 5
1 1100 308 5
1 1144 308 5
1 1188 308 10
0
1 1276 308 4
1 0 352 10
0
0
0
0
0
0
0
0
0
0
0
0
0
0
0
0
0
0
0
0
0
0
0
0
0
0
1 1188 352 8
0
1 1276 352 4
1 0 396 10
0
0
0
0
0
0
0
0
0
0
0
0
0
0
0
0
0
0
0
0
0
0
0
0
0
0
1 1188 396 8
0
1 1276 396 4
1 0 440 7
1 44 440 5
1 88 440 5
1 132 440 5
1 176 440 5
1 220 440 5
1 264 440 5
1 308 440 5
1 352 440 5
1 396 440 5
1 440 440 5
1 484 440 5
1 528 440 5
1 572 440 5
1 616 440 5
1 660 440 5
1 704 440 5
1 748 440 5
1 792 440 5
1 836 440 5
1 880 440 5
1 924 440 5
1 968 440 5
1 1012 440 5
1 1056 440 5
1 1100 440 15
0
1 1188 440 8
0
1 1276 440 4
1 0 484 10
0
0
0
0
0
0
0
0
0
0
0
0
0
0
0
0
0
0
0
0
0
0
0
0
0
0
1 1188 484 8
0
1 1276 484 4
1 0 528 10
0
0
0
0
0
0
0
0
0
0
0
0
0
0
0
0
0
0
0
0
0
0
0
0
0
0
1 1188 528 8
0
1 1276 528 4
1 0 572 10
0
1 88 572 14
1 132 572 5
1 176 572 5
1 220 572 5
1 264 572 5
1 308 572 5
1 352 572 5
1 396 572 5
1 440 572 5
1 484 572 5
1 528 572 5
1 572 572 5
1 616 572 5
1 660 572 5
1 704 572 5
1 748 572 5
1 792 572 5
1 836 572 5
1 880 572 5
1 924 572 5
1 968 572 5
1 1012 572 5
1 1056 572 5
1 1100 572 5
1 1144 572 5
1 1188 572 6
0
1 1276 572 4
1 0 616 10
0
0
0
0
0
0
0
0
0
0
0
0
0
0
0
0
0
0
0
0
0
0
0
0
0
0
0
0
1 1276 616 4
1 0 660 10
0
0
0
0
0
0
0
0
0
0
0
0
0
0
0
0
0
0
0
0
0
0
0
0
0
0
0
0
1 1276 660 4
1 0 704 7
1 44 704 2
1 88 704 2
1 132 704 2
1 176 704 2
1 220 704 2
1 264 704 2
1 308 704 2
1 352 704 2
1 396 704 2
1 440 704 2
1 484 704 2
1 528 704 2
1 572 704 2
1 616 704 2
1 660 704 2
1 704 704 2
1 748 704 2
1 792 704 2
1 836 704 2
1 880 704 2
1 924 704 2
1 968 704 2
1 1012 704 2
1 1056 704 2
1 1100 704 2
1 1144 704 2
1 1188 704 2
1 1232 704 2
1 1276 704 7
0
0
0
0
0
0
0
0
0
0
0
0
0
0
0
0
0
0
0
0
0
0
0
0
0
0
0
0
0
0
0
0
0
0
0
0
0
0
0
0
0
0
0
0
0
0
0
0
0
0
0
0
0
0
0
0
0
0
0
0
0
0
0
0
0
0
0
0
0
0
0
0
0
0
0
0
0
0
0
0
0
0
0
0
0
0
0
0
0
0
0
0
0
0
0
0
0
0
0
0
0
0
0
0
0
0
0
0
0
0
0
0
0
0
0
0
0
0
0
0
0
0
0
0
0
0
0
0
0
0
0
0
0
0
0
0
0
0
0
0
0
0
0
0
0
0
0
0
0
0
0
0
0
0
0
0
0
0
0
0
0
0
0
0
0
0
0
0
0
0
0
0
0
0
0
0
0
0
0
0
0
0
0
0
0
0
0
0
0
0
0
0
0
0
0
0
0
0
0
0
0
0
0
0
0
0
0
0
0
0
0
0
0
0
0
0
0
0
0
0
0
0
0
0
0
0
0
0
0
0
0
0
0
0
0
0
0
0
0
0
0
0
0
0
0
0
0
0
0
0
0
0
0
0
0
0
0
0
0
0
0
0
0
0
0
0
0
0
0
0
0
0
0
0
0
0
0
0
0
0
0
0
0
0
0
0
0
0
0
0
0
0
0
0
0
0
0
0
0
0
0
0
0
0
0
0
0
0
0
0
0
0
0
0
0
0
0
0
0
0
0
0
0
0
0
0
0
0
0
0
0
0
0
0
0
0
0
0
0
0
0
0
0
0
0
0
0
0
0
0
0
0
0
0
0
0
0
0
0
0
0
0
0
0
0
0
0
0
0
0
0
0
0
0
0
0
0
0
0
0
0
0
0
0
0
0
0
0
0
0
0
0
0
0
0
0
0
0
0
0
0
0
0
0
0
0
0
0
0
0
0
0
0
0
0
0
0
0
0
0
0
0
0
0
0
0
0
0
0
0
0
0
0
0
0
0
0
0
0
0
0
0
0
0
0
0
0
0
0
0
0
0
0
0
0
0
0
0
0
0
0
0
0
0
0
0
0
0
0
0
0
0
0
0
0
0
0
0
0
0
0
0
0
0
0
0
0
0
0
0
0
0
0
0
0
0
0
0
0
0
0
0
0
0
0
0
0
0
0
0
0
0
0
0
0
0
0
0
0
0
0
0
0
0
0
0
0
0
0
0
0
0
0
0
0
0
0
0
0
0
0
0
0
0
0
0
0
0
0
0
0
0
0
0
0
0
0
0
0
0
0
0
0
0
0
0
0
0
0
0
0
0
0
0
0
0
0
0
0
0
0
0
0
0
0
0
0
0
0
0
0
0
0
0
0
0
0
0
0
0
0
0
0
0
0
0
0
0
0
0
0
0
0
0
0
0
0
0
0
0
0
0
0
0
0
0
0
0
0
0
0
0
0
0
0
0
0
0
0
0
0
0
0
0
0
0
0
0
0
0
0
0
0
0
0
0
0
0
0
0
0
0
0
0
0
0
0
0
0
0
0
0
0
0
0
0
0
0
0
0
0
0
0
0
0
0
0
0
0
0
0
0
0
0
0
0
0
0
0
0
0
0
0
0
0
0
0
0
0
0
0
0
0
0
0
0
0
0
0
0
0
0
0
0
0
0
0
0
0
0
0
0
0
0
0
0
0
0
0
0
0
0
0
0
0
0
0
0
0
0
0
0
0
0
0
0
0
0
0
0
0
0
0
0
0
0
0
0
0
0
0
0
0
0
0
0
0
0
0
0
0
0
0
0
0
0
0
0
0
0
0
0
0
0
0
0
0
0
0
0
0
0
0
0
0
0
0
0
0
0
0
0
0
0
0
0
0
0
0
0
0
0
0
0
0
0
0
0
0
0
0
0
0
0
0
0
0
0
0
0
0
0
0
0
0
0
0
0
0
0
0
0
0
0
0
0
0
0
0
0
0
0
0
0
0
0
0
0
0
0
0
0
0
0
0
0
0
0
0
0
0
0
0
0
0
0
0
0
0
0
0
0
0
0
0
0
0
0
0
0
0
0
0
0
0
0
0
0
0
0
0
0
0
0
0
0
0
0
0
0
0
0
0
0
0
0
0
0
0
0
0
0
0
0
0
0
0
0
0
0
0
0
0
0
0
0
0
0
0
0
0
0
0
0
0
0
0
0
0
0
0
0
0
0
0
0
0
0
0
0
0
0
0
0
0
0
0
0
0
0
0
0
0
0
0
0
0
0
0
0
0
0
0
0
0
0
0
0
0
0
0
0
0
0
0
0
0
0
0
0
0
0
0
0
0
0
0
0
0
0
1 88 88
1 1232 44
