1 0 0 7
1 44 0 7
1 88 0 9
1 132 0 9
1 176 0 9
1 220 0 9
1 264 0 9
1 308 0 9
1 352 0 9
1 396 0 9
1 440 0 9
1 484 0 9
1 528 0 9
1 572 0 9
1 616 0 9
1 660 0 9
1 704 0 7
1 748 0 7
1 792 0 7
1 836 0 7
1 880 0 9
1 924 0 9
1 968 0 9
1 1012 0 9
1 1056 0 9
1 1100 0 9
1 1144 0 9
1 1188 0 9
1 1232 0 7
1 1276 0 7
1 0 44 7
1 44 44 10
0
0
0
0
0
0
0
0
0
0
0
0
0
0
1 704 44 4
1 748 44 7
1 792 44 7
1 836 44 10
0
0
0
0
0
0
0
0
1 1232 44 4
1 1276 44 7
1 0 88 7
1 44 88 10
0
0
0
0
0
0
0
0
0
0
0
0
0
0
1 704 88 4
1 748 88 7
1 792 88 7
1 836 88 10
0
0
0
0
0
0
0
0
1 1232 88 4
1 1276 88 7
1 0 132 7
1 44 132 10
0
0
0
0
0
0
0
0
0
0
0
0
0
0
1 704 132 4
1 748 132 7
1 792 132 7
1 836 132 10
0
0
0
0
0
0
0
0
1 1232 132 4
1 1276 132 7
1 0 176 7
1 44 176 10
0
0
0
0
0
0
0
0
0
0
0
0
0
0
1 704 176 4
1 748 176 7
1 792 176 7
1 836 176 10
0
0
0
0
0
0
0
0
1 1232 176 4
1 1276 176 7
1 0 220 7
1 44 220 10
0
0
0
0
0
0
0
0
0
0
0
0
0
0
1 704 220 4
1 748 220 7
1 792 220 7
1 836 220 10
0
0
0
0
0
0
0
0
1 1232 220 4
1 1276 220 7
1 0 264 7
1 44 264 10
0
0
0
0
0
0
0
0
0
0
0
0
0
0
1 704 264 4
1 748 264 7
1 792 264 7
1 836 264 10
0
0
0
0
0
0
0
0
1 1232 264 4
1 1276 264 7
1 0 308 7
1 44 308 10
0
0
0
0
0
0
0
0
0
0
0
0
0
0
1 704 308 4
1 748 308 7
1 792 308 7
1 836 308 10
0
0
0
0
0
0
0
0
1 1232 308 4
1 1276 308 7
1 0 352 7
1 44 352 10
0
0
0
0
0
0
0
0
0
0
0
0
0
0
1 704 352 4
1 748 352 7
1 792 352 7
1 836 352 10
0
0
0
0
0
0
0
0
1 1232 352 4
1 1276 352 7
1 0 396 7
1 44 396 10
0
0
0
0
0
0
0
0
0
0
1 528 396 0
1 572 396 1
0
0
1 704 396 4
1 748 396 7
1 792 396 7
1 836 396 10
0
0
0
0
0
0
0
0
1 1232 396 4
1 1276 396 7
1 0 440 7
1 44 440 10
0
0
0
0
0
0
0
1 396 440 0
1 440 440 1
0
1 528 440 4
1 572 440 10
0
0
1 704 440 3
1 748 440 9
1 792 440 9
1 836 440 6
0
0
0
0
0
0
0
0
1 1232 440 4
1 1276 440 7
1 0 484 7
1 44 484 10
0
0
0
0
0
0
0
1 396 484 4
1 440 484 10
0
1 528 484 4
1 572 484 10
0
0
0
0
0
0
0
0
0
0
0
0
0
0
1 1232 484 4
1 1276 484 7
1 0 528 7
1 44 528 10
0
0
0
0
1 264 528 11
0
0
1 396 528 4
1 440 528 10
0
1 528 528 4
1 572 528 10
0
0
0
0
0
0
0
0
0
0
0
0
0
0
1 1232 528 4
1 1276 528 7
1 0 572 7
1 44 572 10
0
0
0
0
1 264 572 8
0
0
1 396 572 4
1 440 572 10
0
1 528 572 4
1 572 572 10
0
0
0
0
0
0
0
0
1 968 572 0
1 1012 572 2
1 1056 572 2
1 1100 572 2
1 1144 572 2
1 1188 572 2
1 1232 572 7
1 1276 572 7
1 0 616 7
1 44 616 10
0
0
0
0
1 264 616 8
0
0
1 396 616 4
1 440 616 10
0
1 528 616 4
1 572 616 10
0
0
0
0
0
0
0
0
1 968 616 4
1 1012 616 7
1 1056 616 7
1 1100 616 7
1 1144 616 7
1 1188 616 7
1 1232 616 7
1 1276 616 7
1 0 660 7
1 44 660 7
1 88 660 2
1 132 660 2
1 176 660 2
1 220 660 2
1 264 660 7
1 308 660 2
1 352 660 2
1 396 660 7
1 440 660 7
1 484 660 2
1 528 660 7
1 572 660 7
1 616 660 2
1 660 660 2
1 704 660 2
1 748 660 2
1 792 660 2
1 836 660 2
1 880 660 2
1 924 660 2
1 968 660 7
1 1012 660 7
1 1056 660 7
1 1100 660 7
1 1144 660 7
1 1188 660 7
1 1232 660 7
1 1276 660 7
1 0 704 7
1 44 704 7
1 88 704 7
1 132 704 7
1 176 704 7
1 220 704 7
1 264 704 7
1 308 704 7
1 352 704 7
1 396 704 7
1 440 704 7
1 484 704 7
1 528 704 7
1 572 704 7
1 616 704 7
1 660 704 7
1 704 704 7
1 748 704 7
1 792 704 7
1 836 704 7
1 880 704 7
1 924 704 7
1 968 704 7
1 1012 704 7
1 1056 704 7
1 1100 704 7
1 1144 704 7
1 1188 704 7
1 1232 704 7
1 1276 704 7
0
0
0
0
0
0
0
0
0
0
0
0
0
0
0
0
0
0
0
0
0
0
0
0
0
0
0
0
0
0
0
0
0
0
0
0
0
0
0
0
0
0
0
0
0
0
0
0
0
0
0
0
0
0
0
0
0
0
0
0
0
0
0
0
0
0
0
0
0
0
0
0
0
0
0
0
0
0
0
0
0
0
0
0
0
0
0
0
0
0
0
0
0
0
0
0
0
0
0
0
0
0
0
0
0
0
0
0
0
0
0
0
0
0
0
0
0
0
0
0
0
0
0
0
0
0
0
0
0
0
0
0
0
0
0
0
0
0
0
0
0
0
0
0
0
0
0
0
0
0
0
0
0
0
0
0
0
0
0
0
0
0
0
0
0
0
0
0
0
0
0
0
0
0
0
0
0
0
0
0
0
0
0
0
0
0
0
0
0
0
0
0
0
0
0
0
0
0
0
0
0
0
0
0
0
0
0
0
0
0
0
0
0
0
0
0
0
0
0
0
0
0
0
0
0
0
0
0
0
0
0
0
0
0
0
0
0
0
0
0
0
0
0
0
0
0
0
0
0
0
0
0
1 528 352 5
0
0
0
0
0
0
0
0
0
0
0
0
0
0
0
0
0
0
0
0
0
0
0
0
0
0
0
0
0
0
0
0
1 660 396 3
0
0
0
0
0
0
0
0
0
0
0
0
0
0
0
0
0
0
0
0
0
0
0
0
0
1 484 440 3
0
0
0
1 660 440 11
0
0
0
0
0
0
0
0
0
0
0
0
0
0
0
0
0
0
0
0
0
0
1 352 484 3
0
0
1 484 484 3
0
0
0
0
0
0
0
0
0
0
0
0
0
0
0
0
0
0
0
0
0
0
0
0
0
0
1 352 528 3
0
0
1 484 528 3
0
0
0
0
0
0
0
0
0
0
0
0
0
0
0
0
0
0
0
0
0
0
0
1 220 572 3
0
0
1 352 572 3
0
0
1 484 572 3
0
0
0
0
0
0
0
0
0
0
0
0
0
0
0
0
0
0
0
0
0
0
0
1 220 616 3
0
0
1 352 616 3
0
0
1 484 616 3
0
0
1 616 616 0
1 660 616 0
0
0
0
0
0
0
0
0
0
0
0
0
0
0
0
0
0
0
0
0
0
0
0
0
0
0
0
0
0
0
0
0
0
0
0
0
0
0
0
0
0
0
0
0
0
0
0
0
0
0
0
0
0
0
0
0
0
0
0
0
0
0
0
0
0
0
0
0
0
0
0
0
0
0
0
0
0
0
0
0
0
0
0
0
0
0
0
0
0
0
0
0
0
0
0
0
0
0
0
0
0
0
0
0
0
0
0
0
0
0
0
0
0
0
0
0
0
0
0
0
0
0
0
0
0
0
0
0
0
0
0
0
0
0
0
0
0
0
0
0
0
0
0
0
0
0
0
0
0
0
0
0
0
0
0
0
0
0
0
0
0
0
0
0
0
0
0
0
0
0
0
0
0
0
0
0
0
0
0
0
0
0
0
0
0
0
0
0
0
0
0
0
0
0
0
0
0
0
0
0
0
0
0
0
0
0
0
0
0
0
0
0
0
0
0
0
0
0
0
0
0
0
0
0
0
0
0
0
0
0
0
0
0
0
0
0
0
0
0
0
0
0
0
0
0
0
0
0
0
0
0
0
0
0
0
0
0
0
0
0
0
0
0
0
0
0
0
0
0
0
0
0
0
0
0
0
0
0
0
0
0
0
0
0
0
0
0
0
0
0
0
0
0
0
0
0
0
0
0
0
0
0
0
0
0
0
0
0
0
0
0
0
0
0
0
0
0
0
0
0
0
0
0
0
0
0
0
0
0
0
0
0
0
0
0
0
0
0
0
0
0
0
0
0
0
0
0
0
0
0
0
0
0
0
0
0
0
0
0
0
0
0
0
0
0
0
0
0
0
0
0
0
0
0
0
0
0
0
0
0
0
0
0
0
0
0
0
0
0
0
0
0
0
0
0
0
0
0
0
0
0
0
0
0
0
0
0
0
0
0
0
0
0
0
0
0
0
0
0
0
0
0
0
0
0
0
0
0
0
0
0
0
0
0
0
0
0
0
0
0
0
0
0
0
0
0
0
0
0
0
0
0
0
0
0
0
0
0
0
0
0
0
0
0
0
0
0
0
0
0
0
0
0
0
0
0
0
0
0
0
0
0
0
0
0
0
0
0
0
0
0
0
0
0
0
0
0
0
0
0
0
0
0
0
0
0
0
0
0
0
0
0
0
0
0
0
0
0
0
0
0
0
0
0
0
0
0
0
0
0
0
0
0
0
0
0
0
0
0
0
0
0
0
0
0
0
0
0
0
0
0
0
0
0
0
0
0
0
0
0
0
0
0
0
0
0
0
0
0
0
0
0
0
0
0
0
0
0
0
0
0
0
0
0
1 1100 484
1 132 528
