1 0 0 7
1 44 0 7
1 88 0 7
1 132 0 7
1 176 0 7
1 220 0 7
1 264 0 7
1 308 0 7
1 352 0 7
1 396 0 7
1 440 0 7
1 484 0 7
1 528 0 7
1 572 0 7
1 616 0 7
1 660 0 7
1 704 0 7
1 748 0 7
1 792 0 7
1 836 0 7
1 880 0 7
1 924 0 7
1 968 0 7
1 1012 0 7
1 1056 0 7
1 1100 0 7
1 1144 0 7
1 1188 0 7
1 1232 0 7
1 1276 0 7
1 0 44 7
1 44 44 7
1 88 44 7
1 132 44 9
1 176 44 9
1 220 44 9
1 264 44 9
1 308 44 9
1 352 44 9
1 396 44 9
1 440 44 9
1 484 44 9
1 528 44 9
1 572 44 9
1 616 44 9
1 660 44 9
1 704 44 9
1 748 44 9
1 792 44 9
1 836 44 9
1 880 44 9
1 924 44 9
1 968 44 9
1 1012 44 9
1 1056 44 9
1 1100 44 9
1 1144 44 9
1 1188 44 7
1 1232 44 7
1 1276 44 7
1 0 88 7
1 44 88 7
1 88 88 10
0
0
0
0
0
0
0
0
0
0
0
0
0
0
0
0
0
0
0
0
0
0
0
0
1 1188 88 4
1 1232 88 7
1 1276 88 7
1 0 132 7
1 44 132 7
1 88 132 10
0
0
0
0
0
0
0
0
0
0
0
0
0
0
0
0
0
0
0
0
0
0
0
0
1 1188 132 4
1 1232 132 7
1 1276 132 7
1 0 176 7
1 44 176 7
1 88 176 10
0
0
0
0
0
0
0
0
0
0
0
0
0
0
0
0
0
0
0
0
0
0
0
0
1 1188 176 4
1 1232 176 7
1 1276 176 7
1 0 220 7
1 44 220 7
1 88 220 10
0
0
0
0
0
0
0
0
0
0
0
0
0
0
0
0
0
0
0
0
0
0
0
0
1 1188 220 4
1 1232 220 7
1 1276 220 7
1 0 264 7
1 44 264 7
1 88 264 10
0
0
0
0
0
0
0
0
0
0
0
0
0
0
0
0
0
0
0
0
0
0
0
0
1 1188 264 4
1 1232 264 7
1 1276 264 7
1 0 308 7
1 44 308 7
1 88 308 10
0
0
0
0
0
0
0
0
0
0
0
0
0
0
0
0
0
0
0
0
0
0
0
0
1 1188 308 4
1 1232 308 7
1 1276 308 7
1 0 352 7
1 44 352 7
1 88 352 10
0
0
0
0
0
0
0
0
0
0
0
0
0
0
0
0
0
0
0
0
0
0
0
0
1 1188 352 4
1 1232 352 7
1 1276 352 7
1 0 396 7
1 44 396 7
1 88 396 10
0
0
0
0
0
0
0
0
0
0
0
0
0
0
0
0
0
0
0
0
0
0
0
0
1 1188 396 4
1 1232 396 7
1 1276 396 7
1 0 440 7
1 44 440 7
1 88 440 10
0
0
0
0
0
0
0
0
0
0
0
0
0
0
0
0
0
0
1 924 440 0
1 968 440 2
1 1012 440 1
0
0
0
1 1188 440 4
1 1232 440 7
1 1276 440 7
1 0 484 7
1 44 484 7
1 88 484 10
0
0
0
0
0
0
0
0
0
0
0
0
0
0
0
1 792 484 0
1 836 484 1
0
1 924 484 4
1 968 484 7
1 1012 484 10
0
0
0
1 1188 484 4
1 1232 484 7
1 1276 484 7
1 0 528 7
1 44 528 7
1 88 528 10
0
0
0
0
0
0
0
0
0
0
0
0
1 660 528 0
1 704 528 1
0
1 792 528 4
1 836 528 10
0
1 924 528 4
1 968 528 7
1 1012 528 10
0
0
0
1 1188 528 4
1 1232 528 7
1 1276 528 7
1 0 572 7
1 44 572 7
1 88 572 10
0
0
0
0
0
0
0
0
0
1 528 572 0
1 572 572 1
0
1 660 572 4
1 704 572 10
0
1 792 572 4
1 836 572 10
0
1 924 572 4
1 968 572 7
1 1012 572 10
0
0
0
1 1188 572 4
1 1232 572 7
1 1276 572 7
1 0 616 7
1 44 616 7
1 88 616 10
0
0
0
0
0
0
0
0
0
1 528 616 4
1 572 616 10
0
1 660 616 4
1 704 616 10
0
1 792 616 4
1 836 616 10
0
1 924 616 4
1 968 616 7
1 1012 616 10
0
0
0
1 1188 616 4
1 1232 616 7
1 1276 616 7
1 0 660 7
1 44 660 7
1 88 660 7
1 132 660 2
1 176 660 2
1 220 660 2
1 264 660 2
1 308 660 2
1 352 660 2
1 396 660 2
1 440 660 2
1 484 660 2
1 528 660 7
1 572 660 7
1 616 660 2
1 660 660 7
1 704 660 7
1 748 660 2
1 792 660 7
1 836 660 7
1 880 660 2
1 924 660 7
1 968 660 7
1 1012 660 7
1 1056 660 2
1 1100 660 2
1 1144 660 2
1 1188 660 7
1 1232 660 7
1 1276 660 7
1 0 704 7
1 44 704 7
1 88 704 7
1 132 704 7
1 176 704 7
1 220 704 7
1 264 704 7
1 308 704 7
1 352 704 7
1 396 704 7
1 440 704 7
1 484 704 7
1 528 704 7
1 572 704 7
1 616 704 7
1 660 704 7
1 704 704 7
1 748 704 7
1 792 704 7
1 836 704 7
1 880 704 7
1 924 704 7
1 968 704 7
1 1012 704 7
1 1056 704 7
1 1100 704 7
1 1144 704 7
1 1188 704 7
1 1232 704 7
1 1276 704 7
0
0
0
0
0
0
0
0
0
0
0
0
0
0
0
0
0
0
0
0
0
0
0
0
0
0
0
0
0
0
0
0
0
0
0
0
0
0
0
0
0
0
0
0
0
0
0
0
0
0
0
0
0
0
0
0
0
0
0
0
0
0
0
0
0
0
0
0
0
0
0
0
0
0
0
0
0
0
0
0
0
0
0
0
0
0
0
0
0
0
0
0
0
0
0
0
0
0
0
0
0
0
0
0
0
0
0
0
0
0
0
0
0
0
0
0
0
0
0
0
0
0
0
0
0
0
0
0
0
0
0
0
0
0
0
0
0
0
0
0
0
0
0
0
0
0
0
0
0
0
0
0
0
0
0
0
0
0
0
0
0
0
0
0
0
0
0
0
0
0
0
0
0
0
0
0
0
0
0
0
0
0
0
0
0
0
0
0
0
0
0
0
0
0
0
0
0
0
0
0
0
0
0
0
0
0
0
0
0
0
0
0
0
0
0
0
0
0
0
0
0
0
0
0
0
0
0
0
0
0
0
0
0
0
0
0
0
0
0
0
0
0
0
0
0
0
0
0
0
0
0
0
0
0
0
0
0
0
0
0
0
0
0
0
0
0
0
0
0
0
0
0
0
0
0
0
0
0
0
0
0
0
0
0
0
0
0
0
0
0
0
1 924 396 5
0
0
0
0
0
0
0
0
0
0
0
0
0
0
0
0
0
0
0
0
0
0
0
0
0
0
1 792 440 5
0
1 880 440 10
0
0
0
0
0
0
0
0
0
0
0
0
0
0
0
0
0
0
0
0
0
0
0
0
1 660 484 5
0
1 748 484 10
0
0
1 880 484 3
0
0
0
0
0
0
0
0
0
0
0
0
0
0
0
0
0
0
0
0
0
1 528 528 5
0
1 616 528 10
0
0
1 748 528 3
0
0
1 880 528 3
0
0
0
0
0
0
0
0
0
0
0
0
0
0
0
0
0
0
0
0
1 484 572 10
0
0
1 616 572 3
0
0
1 748 572 3
0
0
0
0
0
0
0
0
0
0
0
0
0
0
0
0
0
0
0
0
0
0
0
1 484 616 3
0
0
1 616 616 0
0
0
1 748 616 0
0
0
1 880 616 0
0
0
0
0
0
0
0
0
0
0
0
0
0
0
0
0
0
0
0
0
0
0
0
0
0
0
0
0
0
0
0
0
0
0
0
0
0
0
0
0
0
0
0
0
0
0
0
0
0
0
0
0
0
0
0
0
0
0
0
0
0
0
0
0
0
0
0
0
0
0
0
0
0
0
0
0
0
0
0
0
0
0
0
0
0
0
0
0
0
0
0
0
0
0
0
0
0
0
0
0
0
0
0
0
0
0
0
0
0
0
0
0
0
0
0
0
0
0
0
0
0
0
0
0
0
0
0
0
0
0
0
0
0
0
0
0
0
0
0
0
0
0
0
0
0
0
0
0
0
0
0
0
0
0
0
0
0
0
0
0
0
0
0
0
0
0
0
0
0
0
0
0
0
0
0
0
0
0
0
0
0
0
0
0
0
0
0
0
0
0
0
0
0
0
0
0
0
0
0
0
0
0
0
0
0
0
0
0
0
0
0
0
0
0
0
0
0
0
0
0
0
0
0
0
0
0
0
0
0
0
0
0
0
0
0
0
0
0
0
0
0
0
0
0
0
0
0
0
0
0
0
0
0
0
0
0
0
0
0
0
0
0
0
0
0
0
0
0
0
0
0
0
0
0
0
0
0
0
0
0
0
0
0
0
0
0
0
0
0
0
0
0
0
0
0
0
0
0
0
0
0
0
0
0
0
0
0
0
0
0
0
0
0
0
0
0
0
0
0
0
0
0
0
0
0
0
0
0
0
0
0
0
0
0
0
0
0
0
0
0
0
0
0
0
0
0
0
0
0
0
0
0
0
0
0
0
0
0
0
0
0
0
0
0
0
0
0
0
0
0
0
0
0
0
0
0
0
0
0
0
0
0
0
0
0
0
0
0
0
0
0
0
0
0
0
0
0
0
0
0
0
0
0
0
0
0
0
0
0
0
0
0
0
0
0
0
0
0
0
0
0
0
0
0
0
0
0
0
0
0
0
0
0
0
0
0
0
0
0
0
0
0
0
0
0
0
0
0
0
0
0
0
0
0
0
0
0
0
0
0
0
0
0
0
0
0
0
0
0
0
0
0
0
0
0
0
0
0
0
0
0
0
0
0
0
0
0
0
0
0
0
0
0
0
0
0
0
0
0
0
0
0
0
0
0
0
0
0
0
0
0
0
0
0
0
0
0
0
0
0
0
0
0
0
0
0
0
0
0
0
0
0
0
0
0
0
0
0
0
0
0
0
0
0
0
0
0
0
0
0
0
0
0
0
0
0
0
0
0
0
0
0
0
0
0
0
0
0
0
0
0
0
0
0
0
0
0
0
0
1 968 352
1 264 528
