1 0 0 7
1 44 0 7
1 88 0 7
1 132 0 7
1 176 0 7
1 220 0 7
1 264 0 7
1 308 0 7
1 352 0 7
1 396 0 7
1 440 0 7
1 484 0 7
1 528 0 7
1 572 0 7
1 616 0 7
1 660 0 7
1 704 0 7
1 748 0 7
1 792 0 7
1 836 0 7
1 880 0 7
1 924 0 7
1 968 0 7
1 1012 0 7
1 1056 0 7
1 1100 0 7
1 1144 0 7
1 1188 0 7
1 1232 0 7
1 1276 0 7
1 0 44 7
1 44 44 7
1 88 44 7
1 132 44 7
1 176 44 7
1 220 44 7
1 264 44 7
1 308 44 7
1 352 44 7
1 396 44 7
1 440 44 7
1 484 44 7
1 528 44 7
1 572 44 7
1 616 44 7
1 660 44 7
1 704 44 7
1 748 44 7
1 792 44 7
1 836 44 7
1 880 44 7
1 924 44 7
1 968 44 7
1 1012 44 7
1 1056 44 7
1 1100 44 7
1 1144 44 7
1 1188 44 7
1 1232 44 7
1 1276 44 7
1 0 88 7
1 44 88 7
1 88 88 7
1 132 88 7
1 176 88 7
1 220 88 7
1 264 88 7
1 308 88 7
1 352 88 7
1 396 88 7
1 440 88 7
1 484 88 7
1 528 88 7
1 572 88 7
1 616 88 7
1 660 88 7
1 704 88 7
1 748 88 7
1 792 88 7
1 836 88 7
1 880 88 7
1 924 88 7
1 968 88 7
1 1012 88 7
1 1056 88 7
1 1100 88 7
1 1144 88 7
1 1188 88 7
1 1232 88 7
1 1276 88 7
1 0 132 7
1 44 132 7
1 88 132 9
1 132 132 9
1 176 132 9
1 220 132 9
1 264 132 9
1 308 132 9
1 352 132 9
1 396 132 9
1 440 132 9
1 484 132 7
1 528 132 9
1 572 132 9
1 616 132 9
1 660 132 9
1 704 132 9
1 748 132 9
1 792 132 9
1 836 132 9
1 880 132 9
1 924 132 9
1 968 132 9
1 1012 132 9
1 1056 132 9
1 1100 132 9
1 1144 132 9
1 1188 132 9
1 1232 132 7
1 1276 132 7
1 0 176 7
1 44 176 10
0
0
0
0
0
0
0
0
0
1 484 176 12
0
0
0
0
0
0
0
0
0
0
0
0
0
0
0
0
1 1232 176 4
1 1276 176 7
1 0 220 7
1 44 220 10
0
0
0
0
0
0
0
0
0
0
0
0
0
0
0
0
0
0
0
0
0
0
0
0
0
0
1 1232 220 4
1 1276 220 7
1 0 264 7
1 44 264 10
0
0
0
0
0
0
0
0
0
0
0
0
0
0
0
0
0
0
0
0
0
0
0
0
0
0
1 1232 264 4
1 1276 264 7
1 0 308 7
1 44 308 10
0
0
0
0
0
0
0
0
0
0
0
0
0
0
0
0
0
0
0
0
0
0
0
0
0
0
1 1232 308 4
1 1276 308 7
1 0 352 7
1 44 352 10
0
0
0
0
0
0
0
0
0
0
0
0
0
0
0
0
0
0
0
0
0
0
0
0
0
0
1 1232 352 4
1 1276 352 7
1 0 396 7
1 44 396 10
0
0
0
0
0
1 308 396 0
1 352 396 1
0
0
1 484 396 0
1 528 396 2
1 572 396 2
1 616 396 1
0
0
0
1 792 396 0
1 836 396 2
1 880 396 1
0
0
0
0
0
0
0
1 1232 396 4
1 1276 396 7
1 0 440 7
1 44 440 10
0
0
0
0
0
1 308 440 3
1 352 440 6
0
0
1 484 440 4
1 528 440 9
1 572 440 9
1 616 440 6
0
0
0
1 792 440 3
1 836 440 9
1 880 440 6
0
0
0
0
0
0
0
1 1232 440 4
1 1276 440 7
1 0 484 7
1 44 484 10
0
0
1 176 484 14
1 220 484 1
0
0
0
0
0
1 484 484 8
0
0
0
0
0
0
0
0
0
0
0
0
0
0
0
0
1 1232 484 4
1 1276 484 7
1 0 528 7
1 44 528 10
0
0
0
1 220 528 12
0
0
0
0
0
1 484 528 8
0
0
0
0
0
0
0
0
0
0
0
0
0
0
0
0
1 1232 528 4
1 1276 528 7
1 0 572 7
1 44 572 7
1 88 572 2
1 132 572 1
0
0
0
0
0
0
0
1 484 572 8
0
0
0
0
0
0
0
0
0
0
0
0
0
0
0
0
1 1232 572 4
1 1276 572 7
1 0 616 7
1 44 616 7
1 88 616 7
1 132 616 10
0
0
0
0
0
0
0
1 484 616 8
0
0
0
0
0
0
0
0
0
0
0
0
0
0
0
0
1 1232 616 4
1 1276 616 7
1 0 660 7
1 44 660 7
1 88 660 7
1 132 660 7
1 176 660 2
1 220 660 2
1 264 660 2
1 308 660 2
1 352 660 2
1 396 660 2
1 440 660 2
1 484 660 7
1 528 660 2
1 572 660 2
1 616 660 2
1 660 660 2
1 704 660 2
1 748 660 2
1 792 660 2
1 836 660 2
1 880 660 2
1 924 660 2
1 968 660 2
1 1012 660 2
1 1056 660 2
1 1100 660 2
1 1144 660 2
1 1188 660 2
1 1232 660 7
1 1276 660 7
1 0 704 7
1 44 704 7
1 88 704 7
1 132 704 7
1 176 704 7
1 220 704 7
1 264 704 7
1 308 704 7
1 352 704 7
1 396 704 7
1 440 704 7
1 484 704 7
1 528 704 7
1 572 704 7
1 616 704 7
1 660 704 7
1 704 704 7
1 748 704 7
1 792 704 7
1 836 704 7
1 880 704 7
1 924 704 7
1 968 704 7
1 1012 704 7
1 1056 704 7
1 1100 704 7
1 1144 704 7
1 1188 704 7
1 1232 704 7
1 1276 704 7
0
0
0
0
0
0
0
0
0
0
0
0
0
0
0
0
0
0
0
0
0
0
0
0
0
0
0
0
0
0
0
0
0
0
0
0
0
0
0
0
0
0
0
0
0
0
0
0
0
0
0
0
0
0
0
0
0
0
0
0
0
0
0
0
0
0
0
0
0
0
0
0
0
0
0
0
0
0
0
0
0
0
0
0
0
0
0
0
0
0
0
0
0
0
0
0
0
0
0
0
0
0
0
0
0
0
0
0
0
0
0
0
0
0
0
0
0
0
0
0
0
0
0
0
0
0
0
0
0
0
1 440 176 15
0
1 528 176 13
0
0
0
0
0
0
0
0
0
0
0
0
0
0
0
0
0
0
0
0
0
0
0
0
0
0
0
0
1 484 220 14
0
0
0
0
0
0
0
0
0
0
0
0
0
0
0
0
0
0
0
0
0
0
0
0
0
0
0
0
0
0
0
0
0
0
0
0
0
0
0
0
0
0
0
0
0
0
0
0
0
0
0
0
0
0
0
0
0
0
0
0
0
0
0
0
0
0
0
0
0
0
0
0
0
0
0
0
0
0
0
0
0
0
0
0
0
0
0
0
0
1 484 352 5
0
0
1 616 352 4
0
0
0
1 792 352 5
0
0
0
0
0
0
0
0
0
0
0
0
0
0
0
0
0
0
0
0
0
1 440 396 10
0
0
0
0
1 660 396 7
0
1 748 396 10
0
0
0
0
0
0
0
0
0
0
0
0
0
0
0
0
0
0
1 264 440 11
0
0
0
0
0
0
0
0
1 660 440 6
0
1 748 440 11
0
0
0
0
0
0
0
0
0
0
0
0
0
0
0
0
0
0
0
0
0
0
0
0
0
0
0
0
0
0
0
0
0
0
0
0
0
0
0
0
0
0
0
0
0
0
1 176 528 11
0
0
0
0
0
0
0
0
0
0
0
0
0
0
0
0
0
0
0
0
0
0
0
0
0
0
0
0
0
0
0
0
0
0
0
0
0
0
0
0
0
0
0
0
0
0
0
0
0
0
0
0
0
0
0
0
0
0
0
1 176 616 0
1 220 616 0
1 264 616 0
1 308 616 0
1 352 616 0
1 396 616 0
1 440 616 0
0
1 528 616 0
1 572 616 0
1 616 616 0
1 660 616 0
1 704 616 0
1 748 616 0
1 792 616 0
1 836 616 0
1 880 616 0
1 924 616 0
1 968 616 0
1 1012 616 0
1 1056 616 0
0
1 1144 616 0
1 1188 616 0
0
0
0
0
0
0
0
0
0
0
0
0
0
0
0
0
0
0
0
0
0
0
0
0
0
0
0
0
0
0
0
0
0
0
0
0
0
0
0
0
0
0
0
0
0
0
0
0
0
0
0
0
0
0
0
0
0
0
0
0
0
0
0
0
0
0
0
0
0
0
0
0
0
0
0
0
0
0
0
0
0
0
0
0
0
0
0
0
0
0
0
0
0
0
0
0
0
0
0
0
0
0
0
0
0
0
0
0
0
0
0
0
0
0
0
0
0
0
0
0
0
0
0
0
0
0
0
0
0
0
0
0
0
0
0
0
0
0
0
0
0
0
0
0
0
0
0
0
0
0
0
0
0
0
0
0
0
0
0
0
0
0
0
0
0
0
0
0
0
0
0
0
0
0
0
0
0
0
0
0
0
0
0
0
0
0
0
0
0
0
0
0
0
0
0
0
0
0
0
0
0
0
0
0
0
0
0
0
0
0
0
0
0
0
0
0
0
0
0
0
0
0
0
0
0
0
0
0
0
0
0
0
0
0
0
0
0
0
0
0
0
0
0
0
0
0
0
0
0
0
0
0
0
0
0
0
0
0
0
0
0
0
0
0
0
0
0
0
0
0
0
0
0
0
0
0
0
0
0
0
0
0
0
0
0
0
0
0
0
0
0
0
0
0
0
0
0
0
0
0
0
0
0
0
0
0
0
0
0
0
0
0
0
0
0
0
0
0
0
0
0
0
0
0
0
0
0
0
0
0
0
0
0
0
0
0
0
0
0
0
0
0
0
0
0
0
0
0
0
0
0
0
0
0
0
0
0
0
0
0
0
0
0
0
0
0
0
0
0
0
0
0
0
0
0
0
0
0
0
0
0
0
0
0
0
0
0
0
0
0
0
0
0
0
0
0
0
0
0
0
0
0
0
0
0
0
0
0
0
0
0
0
0
0
0
0
0
0
0
0
0
0
0
0
0
0
0
0
0
0
0
0
0
0
0
0
0
0
0
0
0
0
0
0
0
0
0
0
0
0
0
0
0
0
0
0
0
0
0
0
0
0
0
0
0
0
0
0
0
0
0
0
0
0
0
0
0
0
0
0
0
0
0
0
0
0
0
0
0
0
0
0
0
0
0
0
0
0
0
0
0
0
0
0
0
0
0
0
0
0
0
0
0
0
0
0
0
0
0
0
0
0
0
0
0
0
0
0
0
0
0
0
0
0
0
0
0
0
0
0
0
0
0
0
0
0
0
0
0
0
0
0
0
0
0
0
0
0
0
0
0
0
0
0
0
0
0
0
0
0
0
0
1 1100 572
1 88 484
