1 0 0 7
1 44 0 7
1 88 0 7
1 132 0 7
1 176 0 7
1 220 0 7
1 264 0 7
1 308 0 7
1 352 0 7
1 396 0 7
1 440 0 7
1 484 0 7
1 528 0 7
1 572 0 7
1 616 0 7
1 660 0 7
1 704 0 7
1 748 0 7
1 792 0 7
1 836 0 7
1 880 0 7
1 924 0 7
1 968 0 7
1 1012 0 7
1 1056 0 7
1 1100 0 7
1 1144 0 7
1 1188 0 7
1 1232 0 7
1 1276 0 7
1 0 44 7
1 44 44 7
1 88 44 7
1 132 44 7
1 176 44 7
1 220 44 7
1 264 44 7
1 308 44 7
1 352 44 7
1 396 44 7
1 440 44 7
1 484 44 7
1 528 44 7
1 572 44 7
1 616 44 7
1 660 44 7
1 704 44 7
1 748 44 7
1 792 44 7
1 836 44 7
1 880 44 7
1 924 44 7
1 968 44 7
1 1012 44 7
1 1056 44 7
1 1100 44 7
1 1144 44 7
1 1188 44 7
1 1232 44 7
1 1276 44 7
1 0 88 7
1 44 88 7
1 88 88 7
1 132 88 7
1 176 88 7
1 220 88 7
1 264 88 7
1 308 88 7
1 352 88 7
1 396 88 7
1 440 88 7
1 484 88 7
1 528 88 7
1 572 88 7
1 616 88 7
1 660 88 7
1 704 88 7
1 748 88 7
1 792 88 7
1 836 88 7
1 880 88 7
1 924 88 7
1 968 88 7
1 1012 88 7
1 1056 88 7
1 1100 88 7
1 1144 88 7
1 1188 88 7
1 1232 88 7
1 1276 88 7
1 0 132 7
1 44 132 9
1 88 132 9
1 132 132 9
1 176 132 9
1 220 132 9
1 264 132 9
1 308 132 9
1 352 132 9
1 396 132 9
1 440 132 9
1 484 132 9
1 528 132 9
1 572 132 9
1 616 132 9
1 660 132 9
1 704 132 9
1 748 132 9
1 792 132 9
1 836 132 9
1 880 132 9
1 924 132 9
1 968 132 9
1 1012 132 9
1 1056 132 9
1 1100 132 9
1 1144 132 9
1 1188 132 9
1 1232 132 9
1 1276 132 7
1 0 176 10
0
0
0
0
0
0
0
0
0
0
0
0
0
0
0
0
0
0
0
0
0
0
0
0
0
0
0
0
1 1276 176 4
1 0 220 10
0
0
0
0
0
0
0
0
0
0
0
0
0
0
0
0
0
0
0
0
0
0
0
0
0
0
0
0
1 1276 220 4
1 0 264 10
0
0
0
0
0
0
0
0
0
0
0
0
0
0
0
0
0
0
0
0
0
0
0
0
0
0
0
0
1 1276 264 4
1 0 308 10
0
0
0
0
0
0
0
0
0
0
0
0
0
0
0
0
0
0
0
0
0
0
0
0
0
0
0
0
1 1276 308 4
1 0 352 10
0
0
0
0
0
0
0
0
0
0
0
0
0
0
0
0
0
0
0
0
0
0
0
0
0
0
0
0
1 1276 352 4
1 0 396 10
0
0
0
0
0
0
0
0
0
0
0
0
0
0
0
0
0
0
0
0
0
0
0
0
0
0
0
0
1 1276 396 4
1 0 440 10
0
0
0
0
0
0
0
0
0
0
0
0
0
0
0
0
0
0
0
0
0
0
0
0
0
0
0
0
1 1276 440 4
1 0 484 7
1 44 484 5
1 88 484 5
1 132 484 5
1 176 484 5
1 220 484 5
1 264 484 5
1 308 484 5
1 352 484 5
1 396 484 5
1 440 484 5
1 484 484 5
1 528 484 5
1 572 484 5
1 616 484 5
1 660 484 5
1 704 484 5
1 748 484 5
1 792 484 5
1 836 484 5
1 880 484 5
1 924 484 5
1 968 484 5
1 1012 484 5
1 1056 484 5
1 1100 484 1
0
0
0
1 1276 484 4
1 0 528 10
0
0
0
0
0
0
0
0
0
0
0
0
0
0
0
0
0
0
0
0
0
0
0
0
1 1100 528 8
0
0
0
1 1276 528 4
1 0 572 10
0
0
0
0
0
0
0
0
0
0
0
0
0
0
0
0
0
0
0
0
0
0
0
0
1 1100 572 3
1 1144 572 5
1 1188 572 15
0
1 1276 572 4
1 0 616 10
0
0
0
0
0
0
0
0
0
0
0
0
0
0
0
0
0
0
0
0
0
0
0
0
0
0
0
0
1 1276 616 4
1 0 660 10
0
0
0
0
0
0
0
0
0
0
0
0
0
0
0
0
0
0
0
0
0
0
0
0
0
0
0
0
1 1276 660 4
1 0 704 7
1 44 704 2
1 88 704 2
1 132 704 2
1 176 704 2
1 220 704 2
1 264 704 2
1 308 704 2
1 352 704 2
1 396 704 2
1 440 704 2
1 484 704 2
1 528 704 2
1 572 704 2
1 616 704 2
1 660 704 2
1 704 704 2
1 748 704 2
1 792 704 2
1 836 704 2
1 880 704 2
1 924 704 2
1 968 704 2
1 1012 704 2
1 1056 704 2
1 1100 704 2
1 1144 704 2
1 1188 704 2
1 1232 704 2
1 1276 704 7
0
0
0
0
0
0
0
0
0
0
0
0
0
0
0
0
0
0
0
0
0
0
0
0
0
0
0
0
0
0
0
0
0
0
0
0
0
0
0
0
0
0
0
0
0
0
0
0
0
0
0
0
0
0
0
0
0
0
0
0
0
0
0
0
0
0
0
0
0
0
0
0
0
0
0
0
0
0
0
0
0
0
0
0
0
0
0
0
0
0
0
0
0
0
0
0
0
0
0
0
0
0
0
0
0
0
0
0
0
0
0
0
0
0
0
0
0
0
0
0
0
0
0
0
0
0
0
0
0
0
0
0
0
0
0
0
0
0
0
0
0
0
0
0
0
0
0
0
0
0
0
0
0
0
0
0
0
0
0
0
0
0
0
0
0
0
0
0
0
0
0
0
0
0
0
0
0
0
0
0
0
0
0
0
0
0
0
0
0
0
0
0
0
0
0
0
0
0
0
0
0
0
0
0
0
0
0
0
0
0
0
0
0
0
0
0
0
0
0
0
0
0
0
0
0
0
0
0
0
0
0
0
0
0
0
0
0
0
0
0
0
0
0
0
0
0
0
0
0
0
0
0
0
0
0
0
0
0
0
0
0
0
0
0
0
0
0
0
0
0
0
0
0
0
0
0
0
0
0
0
0
0
0
0
0
0
0
0
0
0
0
0
0
0
0
0
0
0
0
0
0
0
0
0
0
0
0
0
0
0
0
0
0
0
0
0
0
0
0
0
0
0
0
0
0
0
0
0
0
0
0
0
0
0
0
0
0
0
0
0
0
0
0
0
0
0
0
0
0
0
0
0
0
0
0
0
0
0
0
0
0
0
0
0
0
0
0
0
0
0
0
0
1 528 528 2
0
0
0
1 704 528 2
0
0
0
1 880 528 2
0
0
0
1 1056 528 3
0
0
0
0
0
0
0
0
0
0
0
0
0
0
0
0
0
0
0
0
0
0
0
0
0
0
0
0
0
0
0
0
0
0
0
0
0
0
0
0
0
0
0
0
0
0
0
0
0
0
0
0
0
0
0
0
0
0
0
0
0
0
0
0
0
0
0
0
0
0
0
0
1 308 660 0
0
0
1 440 660 0
0
0
0
1 616 660 0
0
0
0
0
0
0
0
0
0
0
0
0
0
0
0
0
0
0
0
0
0
0
0
0
0
0
0
0
0
0
0
0
0
0
0
0
0
0
0
0
0
0
0
0
0
0
0
0
0
0
0
0
0
0
0
0
0
0
0
0
0
0
0
0
0
0
0
0
0
0
0
0
0
0
0
0
0
0
0
0
0
0
0
0
0
0
0
0
0
0
0
0
0
0
0
0
0
0
0
0
0
0
0
0
0
0
0
0
0
0
0
0
0
0
0
0
0
0
0
0
0
0
0
0
0
0
0
0
0
0
0
0
0
0
0
0
0
0
0
0
0
0
0
0
0
0
0
0
0
0
0
0
0
0
0
0
0
0
0
0
0
0
0
0
0
0
0
0
0
0
0
0
0
0
0
0
0
0
0
0
0
0
0
0
0
0
0
0
0
0
0
0
0
0
0
0
0
0
0
0
0
0
0
0
0
0
0
0
0
0
0
0
0
0
0
0
0
0
0
0
0
0
0
0
0
0
0
0
0
0
0
0
0
0
0
0
0
0
0
0
0
0
0
0
0
0
0
0
0
0
0
0
0
0
0
0
0
0
0
0
0
0
0
0
0
0
0
0
0
0
0
0
0
0
0
0
0
0
0
0
0
0
0
0
0
0
0
0
0
0
0
0
0
0
0
0
0
0
0
0
0
0
0
0
0
0
0
0
0
0
0
0
0
0
0
0
0
0
0
0
0
0
0
0
0
0
0
0
0
0
0
0
0
0
0
0
0
0
0
0
0
0
0
0
0
0
0
0
0
0
0
0
0
0
0
0
0
0
0
0
0
0
0
0
0
0
0
0
0
0
0
0
0
0
0
0
0
0
0
0
0
0
0
0
0
0
0
0
0
0
0
0
0
0
0
0
0
0
0
0
0
0
0
0
0
0
0
0
0
0
0
0
0
0
0
0
0
0
0
0
0
0
0
0
0
0
0
0
0
0
0
0
0
0
0
0
0
0
0
0
0
0
0
0
0
0
0
0
0
0
0
0
0
0
0
0
0
0
0
0
0
0
0
0
0
0
0
0
0
0
0
0
0
0
0
0
0
0
0
0
0
0
0
0
0
0
0
0
0
0
0
0
0
0
0
0
0
0
0
0
0
0
0
0
0
0
0
0
0
0
0
0
0
0
0
0
0
0
0
0
0
0
0
0
0
0
0
0
0
0
0
0
0
0
0
0
0
0
0
0
0
0
0
0
0
0
0
0
0
0
0
0
0
0
0
1 132 396
1 132 572
