1 0 0 7
1 44 0 7
1 88 0 7
1 132 0 7
1 176 0 7
1 220 0 7
1 264 0 7
1 308 0 7
1 352 0 7
1 396 0 7
1 440 0 7
1 484 0 7
1 528 0 7
1 572 0 7
1 616 0 7
1 660 0 7
1 704 0 7
1 748 0 7
1 792 0 7
1 836 0 7
1 880 0 7
1 924 0 7
1 968 0 7
1 1012 0 7
1 1056 0 7
1 1100 0 7
1 1144 0 7
1 1188 0 7
1 1232 0 7
1 1276 0 7
1 0 44 7
1 44 44 7
1 88 44 9
1 132 44 9
1 176 44 9
1 220 44 9
1 264 44 9
1 308 44 9
1 352 44 9
1 396 44 9
1 440 44 9
1 484 44 9
1 528 44 9
1 572 44 9
1 616 44 9
1 660 44 7
1 704 44 7
1 748 44 7
1 792 44 7
1 836 44 7
1 880 44 7
1 924 44 7
1 968 44 7
1 1012 44 7
1 1056 44 7
1 1100 44 7
1 1144 44 7
1 1188 44 7
1 1232 44 7
1 1276 44 7
1 0 88 7
1 44 88 10
0
0
0
0
0
0
0
0
0
0
0
0
0
1 660 88 4
1 704 88 7
1 748 88 7
1 792 88 7
1 836 88 7
1 880 88 7
1 924 88 7
1 968 88 7
1 1012 88 7
1 1056 88 7
1 1100 88 7
1 1144 88 7
1 1188 88 7
1 1232 88 7
1 1276 88 7
1 0 132 7
1 44 132 10
0
0
0
0
0
0
0
0
0
0
0
0
0
1 660 132 4
1 704 132 7
1 748 132 7
1 792 132 7
1 836 132 7
1 880 132 7
1 924 132 7
1 968 132 7
1 1012 132 7
1 1056 132 7
1 1100 132 7
1 1144 132 7
1 1188 132 7
1 1232 132 7
1 1276 132 7
1 0 176 7
1 44 176 10
0
0
0
0
0
0
0
0
0
0
0
0
0
1 660 176 3
1 704 176 9
1 748 176 9
1 792 176 9
1 836 176 9
1 880 176 9
1 924 176 9
1 968 176 9
1 1012 176 9
1 1056 176 9
1 1100 176 9
1 1144 176 9
1 1188 176 7
1 1232 176 7
1 1276 176 7
1 0 220 7
1 44 220 10
0
0
0
0
0
0
0
0
0
0
0
0
0
0
0
0
0
0
0
0
0
0
0
0
0
1 1188 220 4
1 1232 220 7
1 1276 220 7
1 0 264 7
1 44 264 10
0
0
0
0
0
0
0
0
0
0
0
0
0
0
0
0
0
0
0
0
0
0
0
0
0
1 1188 264 4
1 1232 264 7
1 1276 264 7
1 0 308 7
1 44 308 10
0
0
0
0
0
0
1 352 308 0
1 396 308 2
1 440 308 1
0
0
1 572 308 0
1 616 308 2
1 660 308 1
0
0
0
0
0
0
0
0
0
0
0
1 1188 308 3
1 1232 308 7
1 1276 308 7
1 0 352 7
1 44 352 10
0
0
0
0
0
0
1 352 352 3
1 396 352 9
1 440 352 10
0
0
1 572 352 4
1 616 352 7
1 660 352 10
0
0
0
0
0
0
0
0
0
0
0
0
1 1232 352 4
1 1276 352 7
1 0 396 7
1 44 396 10
0
0
0
0
0
0
0
0
1 440 396 8
0
0
1 572 396 4
1 616 396 7
1 660 396 7
1 704 396 2
1 748 396 1
0
0
0
0
0
0
0
0
1 1144 396 14
1 1188 396 2
1 1232 396 7
1 1276 396 7
1 0 440 7
1 44 440 10
0
0
0
0
0
1 308 440 13
0
0
1 440 440 8
0
0
1 572 440 4
1 616 440 7
1 660 440 7
1 704 440 7
1 748 440 10
0
0
0
0
0
0
0
0
0
1 1188 440 4
1 1232 440 7
1 1276 440 7
1 0 484 7
1 44 484 10
0
0
0
0
0
0
0
0
1 440 484 8
0
0
1 572 484 4
1 616 484 7
1 660 484 7
1 704 484 7
1 748 484 10
0
0
0
0
0
0
0
0
0
1 1188 484 4
1 1232 484 7
1 1276 484 7
1 0 528 7
1 44 528 10
0
0
0
0
0
0
0
0
1 440 528 8
0
0
1 572 528 4
1 616 528 7
1 660 528 7
1 704 528 7
1 748 528 10
0
0
0
0
0
0
0
0
0
1 1188 528 4
1 1232 528 7
1 1276 528 7
1 0 572 7
1 44 572 10
0
0
0
0
1 264 572 0
1 308 572 1
0
0
1 440 572 8
0
0
1 572 572 4
1 616 572 7
1 660 572 7
1 704 572 7
1 748 572 10
0
0
0
0
0
0
0
0
0
1 1188 572 4
1 1232 572 7
1 1276 572 7
1 0 616 7
1 44 616 10
0
0
0
0
1 264 616 4
1 308 616 10
0
0
1 440 616 8
0
0
1 572 616 4
1 616 616 7
1 660 616 7
1 704 616 7
1 748 616 10
0
0
0
0
0
0
0
0
0
1 1188 616 4
1 1232 616 7
1 1276 616 7
1 0 660 7
1 44 660 7
1 88 660 2
1 132 660 2
1 176 660 2
1 220 660 2
1 264 660 7
1 308 660 7
1 352 660 2
1 396 660 2
1 440 660 7
1 484 660 2
1 528 660 2
1 572 660 7
1 616 660 7
1 660 660 7
1 704 660 7
1 748 660 7
1 792 660 2
1 836 660 2
1 880 660 2
1 924 660 2
1 968 660 2
1 1012 660 2
1 1056 660 2
1 1100 660 2
1 1144 660 2
1 1188 660 7
1 1232 660 7
1 1276 660 7
1 0 704 7
1 44 704 7
1 88 704 7
1 132 704 7
1 176 704 7
1 220 704 7
1 264 704 7
1 308 704 7
1 352 704 7
1 396 704 7
1 440 704 7
1 484 704 7
1 528 704 7
1 572 704 7
1 616 704 7
1 660 704 7
1 704 704 7
1 748 704 7
1 792 704 7
1 836 704 7
1 880 704 7
1 924 704 7
1 968 704 7
1 1012 704 7
1 1056 704 7
1 1100 704 7
1 1144 704 7
1 1188 704 7
1 1232 704 7
1 1276 704 7
0
0
0
0
0
0
0
0
0
0
0
0
0
0
0
0
0
0
0
0
0
0
0
0
0
0
0
0
0
0
0
0
0
0
0
0
0
0
0
0
0
0
0
0
0
0
0
0
0
0
0
0
0
0
0
0
0
0
0
0
0
0
0
0
0
0
0
0
0
0
0
0
0
0
0
0
0
0
0
0
0
0
0
0
0
0
0
0
0
0
0
0
0
0
0
0
0
0
0
0
0
0
0
0
0
0
0
0
0
0
0
0
0
0
0
0
0
0
0
0
0
0
0
0
0
0
0
0
0
0
0
0
0
0
0
0
0
0
0
0
0
0
0
0
0
0
0
0
0
0
0
0
0
0
0
0
0
0
0
0
0
0
0
0
0
0
0
0
0
0
0
0
0
0
0
0
0
0
0
0
0
0
0
0
0
0
0
0
0
0
0
0
0
0
0
0
0
0
0
0
0
0
0
0
0
0
0
0
0
0
0
0
0
0
0
0
0
0
0
0
0
0
0
0
0
0
0
0
0
0
0
0
0
0
0
0
0
0
0
0
0
0
0
0
0
0
0
0
0
0
0
0
0
0
0
0
0
0
0
0
0
0
0
0
0
0
0
0
0
0
0
0
0
0
0
0
0
0
0
0
0
0
0
0
0
0
0
0
0
0
0
0
0
0
0
0
0
0
0
0
0
0
0
0
0
0
0
0
0
0
0
0
0
0
0
0
0
0
0
0
0
0
0
0
0
0
0
0
0
0
0
0
0
0
0
0
0
0
0
0
0
0
0
0
0
0
0
0
0
0
0
0
0
0
0
0
0
0
0
0
0
0
0
0
0
0
0
0
0
0
0
0
0
0
0
0
0
0
0
0
0
0
0
0
0
0
0
0
0
0
0
0
0
0
0
0
0
0
0
0
0
0
0
0
0
0
0
0
0
0
0
0
0
0
0
0
0
0
0
0
0
0
0
0
0
0
0
0
0
0
0
0
0
0
0
0
0
0
0
0
0
0
0
0
0
0
0
0
0
0
0
0
0
0
0
0
0
0
0
0
0
0
0
0
0
0
0
0
0
0
0
0
0
0
0
0
0
0
0
0
0
0
0
0
0
0
0
0
0
0
0
0
0
0
0
0
0
0
0
0
0
0
0
0
0
0
0
0
0
0
0
0
0
0
0
0
0
0
0
0
0
0
0
0
0
0
0
0
0
0
0
0
0
0
0
0
0
0
0
0
0
0
0
0
0
0
0
0
0
0
0
1 484 44 3
1 528 44 3
0
0
0
0
0
0
0
0
0
0
0
0
0
0
0
0
0
0
0
0
0
0
0
0
0
0
0
0
0
0
0
0
0
0
0
0
0
0
0
0
0
0
0
0
0
0
0
0
0
0
0
0
0
0
0
0
0
0
0
0
0
0
0
0
0
0
0
0
0
0
0
0
0
0
0
0
0
0
0
0
0
0
0
0
0
0
0
0
0
0
0
0
0
0
0
0
0
0
0
0
0
0
0
0
0
0
0
0
0
0
0
0
0
0
0
0
0
0
0
0
0
0
0
0
0
0
0
0
0
0
0
0
0
0
0
0
0
0
0
0
0
0
0
0
0
0
0
0
0
0
0
0
0
0
0
0
0
0
0
0
0
0
0
0
0
0
0
0
0
0
0
0
0
0
0
0
0
0
0
0
0
0
0
0
0
0
0
0
0
0
0
0
0
0
1 1188 308 0
0
0
0
0
0
0
0
0
0
0
0
0
0
0
0
0
0
0
0
0
0
0
0
0
0
0
0
0
0
0
1 1232 352 0
0
0
0
0
0
0
0
0
0
0
0
0
0
0
0
0
0
0
0
0
0
0
0
0
0
0
0
1 1144 396 0
0
0
0
0
0
0
0
0
0
0
0
0
0
0
0
0
0
0
0
0
0
0
0
0
0
0
0
0
0
0
0
0
0
0
0
0
0
0
0
0
0
0
0
1 440 484 0
0
0
0
0
0
0
0
0
0
0
0
0
0
0
0
0
0
0
0
0
0
0
0
0
0
0
0
0
0
0
0
0
0
0
0
0
0
0
0
0
0
0
0
0
0
0
0
0
0
0
0
0
0
0
0
0
0
0
0
0
0
0
0
0
0
0
0
0
0
0
0
0
0
0
0
0
0
0
0
0
0
0
0
0
0
0
0
0
0
0
0
0
0
0
0
0
0
0
0
0
0
0
0
0
0
0
0
0
0
0
0
0
0
0
0
0
0
0
0
0
1 484 660 1
1 528 660 1
0
0
0
0
0
0
0
0
0
0
0
0
0
0
0
0
0
0
0
0
0
0
0
0
0
0
0
0
0
0
0
0
0
0
0
0
0
0
0
0
0
0
0
0
0
0
0
1 1100 572
1 132 572
