1 0 0 7
1 44 0 9
1 88 0 9
1 132 0 9
1 176 0 9
1 220 0 9
1 264 0 9
1 308 0 9
1 352 0 9
1 396 0 9
1 440 0 9
1 484 0 7
1 528 0 7
1 572 0 7
1 616 0 7
1 660 0 9
1 704 0 9
1 748 0 9
1 792 0 9
1 836 0 7
1 880 0 7
1 924 0 7
1 968 0 9
1 1012 0 9
1 1056 0 9
1 1100 0 9
1 1144 0 9
1 1188 0 9
1 1232 0 7
1 1276 0 7
1 0 44 10
0
0
0
0
0
0
0
0
0
0
1 484 44 3
1 528 44 9
1 572 44 9
1 616 44 6
0
0
0
0
1 836 44 4
1 880 44 7
1 924 44 10
0
0
0
0
0
0
1 1232 44 4
1 1276 44 7
1 0 88 10
0
0
0
0
0
0
0
0
0
0
0
0
0
0
0
0
0
0
1 836 88 4
1 880 88 7
1 924 88 10
0
0
0
0
0
0
1 1232 88 4
1 1276 88 7
1 0 132 10
0
0
0
0
0
0
0
0
0
0
0
0
0
0
0
0
0
0
1 836 132 4
1 880 132 7
1 924 132 10
0
0
0
0
0
0
1 1232 132 4
1 1276 132 7
1 0 176 10
0
0
0
0
0
0
0
0
0
0
0
0
0
0
0
0
0
0
1 836 176 4
1 880 176 7
1 924 176 10
0
0
0
0
0
0
1 1232 176 4
1 1276 176 7
1 0 220 10
0
0
0
0
0
0
0
0
0
0
0
0
0
0
0
0
0
0
1 836 220 3
1 880 220 9
1 924 220 6
0
0
0
0
0
0
1 1232 220 4
1 1276 220 7
1 0 264 10
0
0
0
0
0
0
0
0
0
0
0
0
0
0
0
0
0
0
0
0
0
0
0
0
0
0
0
1 1232 264 4
1 1276 264 7
1 0 308 10
0
0
0
0
0
0
0
0
0
0
0
0
0
0
0
0
0
0
0
0
0
0
0
0
0
0
0
1 1232 308 4
1 1276 308 7
1 0 352 10
0
0
0
0
0
0
0
0
0
0
0
0
0
0
0
0
0
0
0
0
0
0
0
0
0
0
0
1 1232 352 4
1 1276 352 7
1 0 396 10
0
0
0
0
0
0
0
0
0
0
0
0
0
0
0
0
0
0
0
0
0
0
0
0
0
0
0
1 1232 396 4
1 1276 396 7
1 0 440 10
0
0
0
0
0
0
0
0
0
0
0
0
0
0
0
0
0
0
0
0
0
0
0
0
0
0
0
1 1232 440 4
1 1276 440 7
1 0 484 10
0
0
0
0
0
0
0
0
0
0
0
0
0
0
0
0
0
0
0
0
0
0
0
0
0
0
0
1 1232 484 4
1 1276 484 7
1 0 528 10
0
0
0
0
0
0
0
0
0
0
0
0
0
0
0
0
0
0
0
0
0
0
0
0
0
0
0
1 1232 528 4
1 1276 528 7
1 0 572 10
0
0
0
0
0
1 264 572 0
1 308 572 2
1 352 572 2
1 396 572 2
1 440 572 1
0
0
0
0
1 660 572 0
1 704 572 2
1 748 572 2
1 792 572 1
0
0
0
1 968 572 0
1 1012 572 2
1 1056 572 2
1 1100 572 1
0
0
1 1232 572 4
1 1276 572 7
1 0 616 10
0
0
0
0
0
1 264 616 4
1 308 616 7
1 352 616 7
1 396 616 7
1 440 616 10
0
0
0
0
1 660 616 4
1 704 616 7
1 748 616 7
1 792 616 10
0
0
0
1 968 616 4
1 1012 616 7
1 1056 616 7
1 1100 616 10
0
0
1 1232 616 4
1 1276 616 7
1 0 660 7
1 44 660 2
1 88 660 2
1 132 660 2
1 176 660 2
1 220 660 2
1 264 660 7
1 308 660 7
1 352 660 7
1 396 660 7
1 440 660 7
1 484 660 2
1 528 660 2
1 572 660 2
1 616 660 2
1 660 660 7
1 704 660 7
1 748 660 7
1 792 660 7
1 836 660 2
1 880 660 2
1 924 660 2
1 968 660 7
1 1012 660 7
1 1056 660 7
1 1100 660 7
1 1144 660 2
1 1188 660 2
1 1232 660 7
1 1276 660 7
1 0 704 7
1 44 704 7
1 88 704 7
1 132 704 7
1 176 704 7
1 220 704 7
1 264 704 7
1 308 704 7
1 352 704 7
1 396 704 7
1 440 704 7
1 484 704 7
1 528 704 7
1 572 704 7
1 616 704 7
1 660 704 7
1 704 704 7
1 748 704 7
1 792 704 7
1 836 704 7
1 880 704 7
1 924 704 7
1 968 704 7
1 1012 704 7
1 1056 704 7
1 1100 704 7
1 1144 704 7
1 1188 704 7
1 1232 704 7
1 1276 704 7
0
0
0
0
0
0
0
0
0
0
0
0
0
0
0
0
0
0
0
0
0
0
0
0
0
0
0
0
0
0
0
0
0
0
0
0
0
0
0
0
0
0
0
0
0
0
0
0
0
0
0
0
0
0
0
0
0
0
0
0
0
0
0
0
0
0
0
0
0
0
0
0
0
0
0
0
0
0
0
0
0
0
0
0
0
0
0
0
0
0
0
0
0
0
0
0
0
0
0
0
0
0
0
0
0
0
0
0
0
0
0
0
0
0
0
0
0
0
0
0
0
0
0
0
0
0
0
0
0
0
0
0
0
0
0
0
0
0
0
0
0
0
0
0
0
0
0
0
0
0
0
0
0
0
0
0
0
0
0
0
0
0
0
0
0
0
0
0
0
0
0
0
0
0
0
0
0
0
0
0
0
0
0
0
0
0
0
0
0
0
0
0
0
0
0
0
0
0
0
0
0
0
0
0
0
0
0
0
0
0
0
0
0
0
0
0
0
0
0
0
0
0
0
0
0
0
0
0
0
0
0
0
0
0
0
0
0
0
0
0
0
0
0
0
0
0
0
0
0
0
0
0
0
0
0
0
0
0
0
0
0
0
0
0
0
0
0
0
0
0
0
0
0
0
0
0
0
0
0
0
0
0
0
0
0
0
0
0
0
0
0
0
0
0
0
0
0
0
0
0
0
0
0
0
0
0
0
0
0
0
0
0
0
0
0
0
0
0
0
0
0
0
0
0
0
0
0
0
0
0
0
0
0
0
0
0
0
0
0
0
0
0
0
0
0
0
0
0
0
0
0
0
0
0
0
0
0
0
0
0
0
0
0
0
0
0
0
0
0
0
0
0
0
0
0
0
0
0
0
0
0
0
0
0
0
0
0
0
0
0
0
0
0
0
0
0
0
0
0
0
0
0
0
0
0
0
0
0
0
0
0
0
0
0
0
0
0
0
0
0
0
0
0
0
0
0
0
0
0
0
0
0
0
0
0
0
0
0
0
0
0
0
0
0
0
0
0
0
0
0
0
0
0
0
0
0
0
0
0
0
0
0
0
0
0
0
0
0
0
0
0
0
0
0
0
0
0
0
0
0
0
0
0
0
0
0
0
0
0
0
0
0
0
0
0
0
0
0
0
0
0
0
0
0
0
0
0
0
0
0
0
0
0
0
0
0
0
0
0
0
0
0
0
0
0
0
0
0
0
0
0
0
0
0
0
0
0
0
0
0
0
0
0
0
0
0
0
0
0
0
0
0
0
0
0
0
0
0
0
0
0
0
0
0
0
0
0
0
0
0
0
0
0
0
0
0
0
0
0
0
0
0
0
0
0
0
0
0
0
0
0
0
0
0
0
0
0
0
0
0
0
0
0
0
0
0
0
0
0
0
0
0
0
0
0
0
0
0
0
0
0
0
0
0
0
0
0
0
0
0
0
0
0
0
0
0
0
0
0
0
0
0
0
0
0
0
0
0
0
0
0
0
0
0
0
0
0
0
0
0
0
0
0
0
0
0
0
0
0
0
0
0
0
0
0
0
0
0
0
0
1 880 220 3
0
0
0
0
0
0
0
0
0
0
0
0
0
0
0
0
0
0
0
0
0
0
0
0
0
0
0
0
0
0
0
0
0
0
0
0
0
0
0
0
0
0
0
0
0
0
0
0
0
0
0
0
0
0
0
0
0
0
0
0
0
0
0
0
0
0
0
0
0
0
0
0
0
0
0
0
0
0
0
0
0
0
0
0
0
0
0
0
0
0
0
0
0
0
0
0
0
0
0
0
0
0
0
0
0
0
0
0
0
0
0
0
0
0
0
0
0
0
0
0
0
0
0
0
0
0
0
0
0
0
0
0
0
0
0
0
0
0
0
0
0
0
0
0
0
0
0
0
0
0
0
0
0
0
0
0
0
0
0
0
0
0
0
0
0
0
0
0
0
0
0
0
0
0
0
0
0
0
0
0
0
0
0
0
0
0
0
0
0
0
0
0
0
0
0
0
0
0
0
0
0
0
0
0
0
0
0
0
0
0
0
0
0
0
0
0
0
0
0
0
0
0
0
0
0
0
0
0
0
0
0
0
0
0
0
0
0
0
0
0
0
0
0
0
0
0
0
0
0
0
0
0
0
0
0
0
0
0
0
0
0
0
0
0
0
0
0
0
0
0
0
0
0
0
0
0
0
0
0
0
0
0
0
0
0
0
0
0
0
0
0
1 528 660 1
1 572 660 1
0
0
0
0
0
0
1 880 660 1
0
0
0
0
0
0
0
0
0
0
0
0
0
0
0
0
0
0
0
0
0
0
0
0
0
0
0
0
0
0
0
0
0
0
0
0
0
0
0
1 1188 572
1 132 572
