1 0 0 7
1 44 0 7
1 88 0 9
1 132 0 9
1 176 0 9
1 220 0 9
1 264 0 7
1 308 0 7
1 352 0 7
1 396 0 7
1 440 0 7
1 484 0 7
1 528 0 7
1 572 0 7
1 616 0 7
1 660 0 7
1 704 0 7
1 748 0 7
1 792 0 7
1 836 0 7
1 880 0 7
1 924 0 7
1 968 0 7
1 1012 0 7
1 1056 0 7
1 1100 0 7
1 1144 0 7
1 1188 0 7
1 1232 0 7
1 1276 0 7
1 0 44 7
1 44 44 10
0
0
0
0
1 264 44 4
1 308 44 7
1 352 44 7
1 396 44 7
1 440 44 7
1 484 44 7
1 528 44 7
1 572 44 7
1 616 44 7
1 660 44 7
1 704 44 7
1 748 44 7
1 792 44 7
1 836 44 7
1 880 44 7
1 924 44 7
1 968 44 7
1 1012 44 7
1 1056 44 7
1 1100 44 7
1 1144 44 7
1 1188 44 7
1 1232 44 7
1 1276 44 7
1 0 88 7
1 44 88 10
0
0
0
0
1 264 88 4
1 308 88 7
1 352 88 7
1 396 88 7
1 440 88 7
1 484 88 7
1 528 88 7
1 572 88 7
1 616 88 7
1 660 88 7
1 704 88 7
1 748 88 7
1 792 88 7
1 836 88 7
1 880 88 7
1 924 88 7
1 968 88 7
1 1012 88 7
1 1056 88 7
1 1100 88 7
1 1144 88 7
1 1188 88 7
1 1232 88 7
1 1276 88 7
1 0 132 7
1 44 132 7
1 88 132 5
1 132 132 15
0
0
1 264 132 3
1 308 132 9
1 352 132 7
1 396 132 7
1 440 132 7
1 484 132 7
1 528 132 7
1 572 132 7
1 616 132 7
1 660 132 7
1 704 132 7
1 748 132 7
1 792 132 7
1 836 132 7
1 880 132 7
1 924 132 7
1 968 132 7
1 1012 132 7
1 1056 132 7
1 1100 132 7
1 1144 132 7
1 1188 132 7
1 1232 132 7
1 1276 132 7
1 0 176 7
1 44 176 10
0
0
0
0
0
0
1 352 176 4
1 396 176 7
1 440 176 7
1 484 176 7
1 528 176 7
1 572 176 7
1 616 176 7
1 660 176 7
1 704 176 7
1 748 176 7
1 792 176 7
1 836 176 7
1 880 176 7
1 924 176 7
1 968 176 7
1 1012 176 7
1 1056 176 7
1 1100 176 7
1 1144 176 7
1 1188 176 7
1 1232 176 7
1 1276 176 7
1 0 220 7
1 44 220 7
1 88 220 1
0
0
0
0
1 308 220 0
1 352 220 7
1 396 220 7
1 440 220 7
1 484 220 7
1 528 220 7
1 572 220 7
1 616 220 7
1 660 220 7
1 704 220 7
1 748 220 7
1 792 220 7
1 836 220 7
1 880 220 7
1 924 220 7
1 968 220 7
1 1012 220 7
1 1056 220 7
1 1100 220 7
1 1144 220 7
1 1188 220 7
1 1232 220 7
1 1276 220 7
1 0 264 7
1 44 264 7
1 88 264 7
1 132 264 1
0
0
1 264 264 0
1 308 264 7
1 352 264 7
1 396 264 7
1 440 264 7
1 484 264 7
1 528 264 7
1 572 264 7
1 616 264 7
1 660 264 7
1 704 264 7
1 748 264 7
1 792 264 7
1 836 264 7
1 880 264 7
1 924 264 7
1 968 264 7
1 1012 264 7
1 1056 264 7
1 1100 264 7
1 1144 264 7
1 1188 264 7
1 1232 264 7
1 1276 264 7
1 0 308 7
1 44 308 7
1 88 308 7
1 132 308 10
0
0
1 264 308 4
1 308 308 7
1 352 308 7
1 396 308 7
1 440 308 7
1 484 308 7
1 528 308 7
1 572 308 7
1 616 308 7
1 660 308 7
1 704 308 7
1 748 308 7
1 792 308 7
1 836 308 7
1 880 308 7
1 924 308 7
1 968 308 7
1 1012 308 7
1 1056 308 7
1 1100 308 7
1 1144 308 7
1 1188 308 7
1 1232 308 7
1 1276 308 7
1 0 352 7
1 44 352 7
1 88 352 7
1 132 352 10
0
0
1 264 352 4
1 308 352 7
1 352 352 7
1 396 352 7
1 440 352 7
1 484 352 7
1 528 352 7
1 572 352 7
1 616 352 7
1 660 352 7
1 704 352 7
1 748 352 7
1 792 352 7
1 836 352 7
1 880 352 7
1 924 352 7
1 968 352 7
1 1012 352 7
1 1056 352 7
1 1100 352 7
1 1144 352 7
1 1188 352 7
1 1232 352 7
1 1276 352 7
1 0 396 7
1 44 396 7
1 88 396 7
1 132 396 10
0
0
1 264 396 4
1 308 396 7
1 352 396 7
1 396 396 7
1 440 396 7
1 484 396 7
1 528 396 7
1 572 396 7
1 616 396 7
1 660 396 7
1 704 396 7
1 748 396 7
1 792 396 7
1 836 396 7
1 880 396 7
1 924 396 7
1 968 396 7
1 1012 396 7
1 1056 396 7
1 1100 396 7
1 1144 396 7
1 1188 396 7
1 1232 396 7
1 1276 396 7
1 0 440 7
1 44 440 7
1 88 440 7
1 132 440 6
0
0
1 264 440 3
1 308 440 7
1 352 440 7
1 396 440 7
1 440 440 7
1 484 440 9
1 528 440 9
1 572 440 9
1 616 440 9
1 660 440 9
1 704 440 9
1 748 440 9
1 792 440 9
1 836 440 9
1 880 440 9
1 924 440 9
1 968 440 9
1 1012 440 9
1 1056 440 9
1 1100 440 9
1 1144 440 9
1 1188 440 7
1 1232 440 7
1 1276 440 7
1 0 484 7
1 44 484 7
1 88 484 6
0
0
0
0
1 308 484 3
1 352 484 7
1 396 484 7
1 440 484 10
0
0
0
0
0
0
0
0
0
0
0
0
0
0
0
0
1 1188 484 4
1 1232 484 7
1 1276 484 7
1 0 528 7
1 44 528 10
0
0
0
0
0
0
1 352 528 3
1 396 528 9
1 440 528 6
0
0
0
0
0
0
0
0
0
0
0
0
0
0
0
0
1 1188 528 4
1 1232 528 7
1 1276 528 7
1 0 572 7
1 44 572 10
0
0
0
0
0
0
0
0
0
0
0
0
0
0
0
0
0
0
0
0
0
0
0
0
0
1 1188 572 4
1 1232 572 7
1 1276 572 7
1 0 616 7
1 44 616 10
0
0
0
0
0
0
0
0
0
0
0
1 572 616 13
0
0
0
0
0
0
0
0
0
0
0
0
0
1 1188 616 4
1 1232 616 7
1 1276 616 7
1 0 660 7
1 44 660 10
0
0
0
0
0
0
0
0
0
0
0
0
0
1 660 660 0
1 704 660 2
1 748 660 2
1 792 660 2
1 836 660 2
1 880 660 2
1 924 660 2
1 968 660 2
1 1012 660 2
1 1056 660 2
1 1100 660 2
1 1144 660 2
1 1188 660 7
1 1232 660 7
1 1276 660 7
1 0 704 7
1 44 704 7
1 88 704 2
1 132 704 2
1 176 704 2
1 220 704 2
1 264 704 2
1 308 704 2
1 352 704 2
1 396 704 2
1 440 704 2
1 484 704 2
1 528 704 2
1 572 704 2
1 616 704 2
1 660 704 7
1 704 704 7
1 748 704 7
1 792 704 7
1 836 704 7
1 880 704 7
1 924 704 7
1 968 704 7
1 1012 704 7
1 1056 704 7
1 1100 704 7
1 1144 704 7
1 1188 704 7
1 1232 704 7
1 1276 704 7
0
0
0
0
0
0
0
0
0
0
0
0
0
0
0
0
0
0
0
0
0
0
0
0
0
0
0
0
0
0
0
0
0
0
0
0
0
0
0
0
0
0
0
0
0
0
0
0
0
0
0
0
0
0
0
0
0
0
0
0
0
0
0
0
0
0
0
0
0
0
0
0
0
0
0
0
0
0
0
0
0
0
0
0
0
0
0
0
0
0
0
0
0
0
0
0
0
0
0
0
0
0
0
0
0
0
0
0
0
0
0
0
0
0
0
0
0
0
0
0
0
0
1 88 176 1
0
0
0
0
1 308 176 3
0
0
0
0
0
0
0
0
0
0
0
0
0
0
0
0
0
0
0
0
0
0
0
0
0
1 132 220 7
0
0
1 264 220 10
0
0
0
0
0
0
0
0
0
0
0
0
0
0
0
0
0
0
0
0
0
0
0
0
0
0
0
1 176 264 7
1 220 264 10
0
0
0
0
0
0
0
0
0
0
0
0
0
0
0
0
0
0
0
0
0
0
0
0
0
0
0
0
1 176 308 1
1 220 308 3
0
0
0
0
0
0
0
0
0
0
0
0
0
0
0
0
0
0
0
0
0
0
0
0
0
0
0
0
1 176 352 1
1 220 352 3
0
0
0
0
0
0
0
0
0
0
0
0
0
0
0
0
0
0
0
0
0
0
0
0
0
0
0
0
1 176 396 1
1 220 396 3
0
0
0
0
0
0
0
0
0
0
0
0
0
0
0
0
0
0
0
0
0
0
0
0
0
0
0
0
1 176 440 6
1 220 440 11
0
0
0
0
0
0
0
0
0
0
0
0
0
0
0
0
0
0
0
0
0
0
0
0
0
0
0
1 132 484 6
0
0
1 264 484 11
0
0
0
0
0
0
0
0
0
0
0
0
0
0
0
0
0
0
0
0
0
0
0
0
0
1 88 528 1
0
0
0
0
1 308 528 11
0
0
0
0
0
0
0
0
0
0
0
0
0
0
0
0
0
0
0
0
0
0
0
0
1 88 572 1
0
0
0
0
0
0
0
0
0
0
0
0
0
0
0
0
0
0
0
0
0
0
0
0
0
0
0
0
0
1 88 616 1
0
0
0
0
0
0
0
0
0
0
0
0
0
0
0
0
0
0
0
0
0
0
0
0
0
0
0
0
0
1 88 660 1
0
1 176 660 0
1 220 660 0
0
0
0
0
0
0
0
0
0
0
0
0
0
0
0
0
0
0
0
0
0
0
0
0
0
0
0
0
0
0
0
0
0
0
0
0
0
0
0
0
0
0
0
0
0
0
0
0
0
0
0
0
0
0
0
0
0
0
0
0
0
0
0
0
0
0
0
0
0
0
0
0
0
0
0
0
0
0
0
0
0
0
0
0
0
0
0
0
0
0
0
0
0
0
0
0
0
0
0
0
0
0
0
0
0
0
0
0
0
0
0
0
0
0
0
0
0
0
0
0
0
0
0
0
0
0
0
0
0
0
0
0
0
0
0
0
0
0
0
0
0
0
0
0
0
0
0
0
0
0
0
0
0
0
0
0
0
0
0
0
0
0
0
0
0
0
0
0
0
0
0
0
0
0
0
0
0
0
0
0
0
0
0
0
0
0
0
0
0
0
0
0
0
0
0
0
0
0
0
0
0
0
0
0
0
0
0
0
0
0
0
0
0
0
0
0
0
0
0
0
0
0
0
0
0
0
0
0
0
0
0
0
0
0
0
0
0
0
0
0
0
0
0
0
0
0
0
0
0
0
0
0
0
0
0
0
0
0
0
0
0
0
0
0
0
0
0
0
0
0
0
0
0
0
0
0
0
0
0
0
0
0
0
0
0
0
0
0
0
0
0
0
0
0
0
0
0
0
0
0
0
0
0
0
0
0
0
0
0
0
0
0
0
0
0
0
0
0
0
0
0
0
0
0
0
0
0
0
0
0
0
0
0
0
0
0
0
0
0
0
0
0
0
0
0
0
0
0
0
0
0
0
0
0
0
0
0
0
0
0
0
0
0
0
0
0
0
0
0
0
0
0
0
0
0
0
0
0
0
0
0
0
0
0
0
0
0
0
0
0
0
0
0
0
0
0
0
0
0
0
0
0
0
0
0
0
0
0
0
0
0
1 1188 484 0
0
0
0
0
0
0
0
0
0
0
0
0
0
0
0
0
0
0
0
0
0
0
0
0
0
0
0
0
0
0
0
0
0
0
0
0
0
0
0
0
0
0
0
0
0
0
0
0
0
0
0
0
0
0
0
0
0
0
0
0
0
0
0
0
0
0
0
0
0
0
0
0
0
0
0
0
0
0
0
0
0
0
0
0
0
0
0
0
0
1 1188 616 0
0
0
0
0
0
0
0
0
0
0
0
0
0
0
0
0
0
0
0
0
0
0
0
0
0
0
0
0
0
0
0
0
0
0
0
0
0
0
0
0
0
0
0
0
0
0
0
0
0
0
0
0
0
0
0
0
0
0
0
0
0
0
1 1056 572
1 88 44
