1 0 0 7
1 44 0 7
1 88 0 7
1 132 0 7
1 176 0 7
1 220 0 9
1 264 0 7
1 308 0 9
1 352 0 7
1 396 0 9
1 440 0 7
1 484 0 9
1 528 0 9
1 572 0 9
1 616 0 9
1 660 0 9
1 704 0 9
1 748 0 9
1 792 0 9
1 836 0 9
1 880 0 9
1 924 0 9
1 968 0 9
1 1012 0 9
1 1056 0 9
1 1100 0 9
1 1144 0 9
1 1188 0 9
1 1232 0 7
1 1276 0 7
1 0 44 7
1 44 44 7
1 88 44 7
1 132 44 7
1 176 44 10
0
1 264 44 8
0
1 352 44 8
0
1 440 44 8
0
0
0
0
0
0
0
0
0
0
0
0
0
0
0
0
0
1 1232 44 4
1 1276 44 7
1 0 88 7
1 44 88 7
1 88 88 7
1 132 88 7
1 176 88 10
0
1 264 88 8
0
1 352 88 8
0
1 440 88 8
0
0
0
0
0
0
0
0
0
0
0
0
0
0
0
0
0
1 1232 88 4
1 1276 88 7
1 0 132 7
1 44 132 7
1 88 132 7
1 132 132 7
1 176 132 10
0
1 264 132 8
0
1 352 132 8
0
1 440 132 8
0
0
0
0
0
0
0
0
1 836 132 14
1 880 132 5
1 924 132 5
1 968 132 5
1 1012 132 5
1 1056 132 5
1 1100 132 5
1 1144 132 5
1 1188 132 5
1 1232 132 7
1 1276 132 7
1 0 176 7
1 44 176 7
1 88 176 7
1 132 176 7
1 176 176 10
0
1 264 176 8
0
1 352 176 8
0
1 440 176 8
0
0
0
0
0
0
0
0
0
0
0
0
0
0
0
0
0
1 1232 176 4
1 1276 176 7
1 0 220 7
1 44 220 7
1 88 220 7
1 132 220 7
1 176 220 10
0
1 264 220 8
0
1 352 220 8
0
1 440 220 8
0
0
0
0
0
0
0
0
0
0
0
0
0
0
0
0
0
1 1232 220 4
1 1276 220 7
1 0 264 7
1 44 264 7
1 88 264 7
1 132 264 7
1 176 264 10
0
1 264 264 8
0
1 352 264 8
0
1 440 264 4
1 484 264 5
1 528 264 5
1 572 264 5
1 616 264 5
1 660 264 5
1 704 264 5
1 748 264 15
0
0
0
0
0
0
0
0
1 1144 264 14
1 1188 264 5
1 1232 264 7
1 1276 264 7
1 0 308 7
1 44 308 7
1 88 308 7
1 132 308 7
1 176 308 10
0
1 264 308 8
0
1 352 308 8
0
1 440 308 8
0
0
0
0
0
0
0
0
0
0
0
0
0
0
0
0
0
1 1232 308 4
1 1276 308 7
1 0 352 7
1 44 352 7
1 88 352 7
1 132 352 7
1 176 352 10
0
1 264 352 8
0
1 352 352 8
0
1 440 352 8
0
0
0
0
0
0
0
0
0
0
0
0
0
0
0
0
0
1 1232 352 4
1 1276 352 7
1 0 396 7
1 44 396 7
1 88 396 7
1 132 396 7
1 176 396 10
0
1 264 396 8
0
1 352 396 8
0
1 440 396 8
0
0
0
0
0
0
0
0
1 836 396 14
1 880 396 5
1 924 396 5
1 968 396 5
1 1012 396 5
1 1056 396 5
1 1100 396 5
1 1144 396 5
1 1188 396 5
1 1232 396 7
1 1276 396 7
1 0 440 7
1 44 440 7
1 88 440 7
1 132 440 7
1 176 440 10
0
1 264 440 8
0
1 352 440 8
0
1 440 440 8
0
0
0
0
0
0
0
0
0
0
0
0
0
0
0
0
0
1 1232 440 4
1 1276 440 7
1 0 484 7
1 44 484 7
1 88 484 7
1 132 484 7
1 176 484 10
0
1 264 484 8
0
1 352 484 8
0
1 440 484 8
0
0
0
0
0
0
0
0
0
0
0
0
0
0
0
0
0
1 1232 484 4
1 1276 484 7
1 0 528 7
1 44 528 7
1 88 528 9
1 132 528 9
1 176 528 6
0
1 264 528 12
0
1 352 528 12
0
1 440 528 3
1 484 528 5
1 528 528 5
1 572 528 5
1 616 528 5
1 660 528 5
1 704 528 5
1 748 528 15
0
0
0
0
0
0
0
0
0
1 1188 528 14
1 1232 528 7
1 1276 528 7
1 0 572 7
1 44 572 10
0
0
0
0
0
0
0
0
0
0
0
0
0
0
0
0
0
0
0
0
0
0
0
0
0
0
1 1232 572 4
1 1276 572 7
1 0 616 7
1 44 616 10
0
0
0
0
0
0
0
0
0
0
0
0
0
0
0
0
0
0
0
0
0
0
0
0
0
0
1 1232 616 4
1 1276 616 7
1 0 660 7
1 44 660 7
1 88 660 2
1 132 660 2
1 176 660 2
1 220 660 2
1 264 660 2
1 308 660 2
1 352 660 2
1 396 660 2
1 440 660 2
1 484 660 2
1 528 660 2
1 572 660 2
1 616 660 2
1 660 660 2
1 704 660 2
1 748 660 2
1 792 660 2
1 836 660 2
1 880 660 2
1 924 660 2
1 968 660 2
1 1012 660 2
1 1056 660 2
1 1100 660 2
1 1144 660 2
1 1188 660 2
1 1232 660 7
1 1276 660 7
1 0 704 7
1 44 704 7
1 88 704 7
1 132 704 7
1 176 704 7
1 220 704 7
1 264 704 7
1 308 704 7
1 352 704 7
1 396 704 7
1 440 704 7
1 484 704 7
1 528 704 7
1 572 704 7
1 616 704 7
1 660 704 7
1 704 704 7
1 748 704 7
1 792 704 7
1 836 704 7
1 880 704 7
1 924 704 7
1 968 704 7
1 1012 704 7
1 1056 704 7
1 1100 704 7
1 1144 704 7
1 1188 704 7
1 1232 704 7
1 1276 704 7
0
0
0
0
0
0
0
0
0
0
0
0
0
0
0
0
0
0
0
0
0
0
0
0
0
0
0
0
0
0
0
0
0
0
0
0
0
0
0
0
0
0
0
0
0
0
0
0
0
0
0
0
0
0
0
0
0
0
0
0
0
0
0
0
0
0
0
0
0
0
0
0
0
0
0
0
0
0
0
0
0
0
0
0
0
0
0
0
0
0
0
0
0
0
0
0
0
0
0
0
0
0
0
0
0
0
0
0
1 792 132 15
0
0
0
0
0
0
0
0
0
0
0
0
0
0
0
0
0
0
0
0
0
0
0
0
0
0
0
0
0
0
0
0
0
0
0
0
0
0
0
0
0
0
0
0
0
0
0
0
0
0
0
0
0
0
0
0
0
1 704 220 0
0
0
0
0
0
0
0
0
0
0
0
0
0
0
0
0
0
0
0
0
0
0
0
0
0
0
0
0
0
0
0
1 792 264 13
0
0
0
0
0
0
1 1100 264 15
0
0
0
0
0
0
0
0
0
0
0
0
0
0
0
0
0
0
0
0
0
0
0
0
0
0
0
0
0
0
0
0
0
0
0
0
0
0
0
0
0
0
0
0
0
0
0
0
0
0
0
0
0
0
1 880 352 0
0
0
0
0
0
0
0
0
0
0
0
0
0
0
0
0
0
0
0
0
0
0
0
0
0
0
0
1 792 396 15
0
0
0
0
0
0
0
0
0
0
0
0
0
0
0
0
0
0
0
0
0
0
0
0
0
0
0
0
0
0
0
0
0
0
0
0
0
0
0
0
0
0
0
0
0
0
0
0
0
0
0
0
0
0
0
0
0
1 704 484 0
0
0
0
0
0
0
0
0
0
0
0
0
0
0
0
0
0
0
0
0
0
0
0
0
0
0
0
0
0
0
0
1 792 528 13
0
0
0
0
0
0
0
1 1144 528 15
0
0
0
0
0
0
0
0
0
0
0
0
0
0
0
0
0
0
0
0
0
0
0
0
0
0
0
0
0
0
0
0
0
0
0
0
0
0
0
0
0
0
0
0
0
0
0
0
0
0
0
0
0
0
0
0
0
0
0
0
0
0
0
0
0
0
0
0
0
0
0
0
0
0
0
0
0
0
0
0
0
0
0
0
0
0
0
0
0
0
0
0
0
0
0
0
0
0
0
0
0
0
0
0
0
0
0
0
0
0
0
0
0
0
0
0
0
0
0
0
0
0
0
0
0
0
0
0
1 220 0 3
0
1 308 0 3
0
1 396 0 3
0
0
0
0
0
0
0
0
0
0
0
0
0
0
0
0
0
0
0
0
0
0
0
0
0
0
0
0
0
0
0
0
0
0
0
0
0
0
0
0
0
0
0
0
0
0
0
0
0
0
0
0
0
0
0
0
0
0
0
0
0
0
0
0
0
0
0
0
0
0
0
0
0
0
0
0
0
0
0
0
0
0
0
0
0
0
0
0
0
0
0
0
0
0
0
0
0
0
0
1 836 132 0
0
0
0
0
0
0
0
0
0
0
0
0
0
0
0
0
0
0
0
0
0
0
0
0
0
0
0
0
0
0
0
0
0
0
0
0
0
0
0
0
0
0
0
0
0
0
0
0
0
0
0
0
0
0
0
0
0
0
0
0
0
0
0
0
0
0
0
0
0
0
0
0
0
0
0
0
0
0
0
0
0
0
0
0
0
0
0
1 748 264 2
0
0
0
0
0
0
0
0
0
0
0
0
0
0
0
0
0
0
0
0
0
0
0
0
0
0
0
0
0
0
0
0
0
0
0
0
0
0
0
0
0
0
0
0
0
0
0
0
0
0
0
0
0
0
0
0
0
0
0
0
0
0
0
0
0
0
0
0
0
0
0
0
0
0
0
0
0
0
0
0
0
0
0
0
0
0
0
0
0
0
0
1 836 396 0
0
0
0
0
0
0
0
0
0
0
0
0
0
0
0
0
0
0
0
0
0
0
0
0
0
0
0
0
0
0
0
0
0
0
0
0
0
0
0
0
0
0
0
0
0
0
0
0
0
0
0
0
0
0
0
0
0
0
0
0
0
0
0
0
0
0
0
0
0
0
0
0
0
0
0
0
0
0
0
0
0
0
0
0
0
0
0
1 748 528 2
0
0
0
0
0
0
0
0
0
0
0
0
0
0
0
0
0
0
0
0
0
0
0
0
0
0
0
0
0
0
0
0
0
0
0
0
0
0
0
0
0
0
0
0
0
0
0
0
0
0
0
0
0
0
0
0
0
0
0
0
0
0
0
0
0
0
0
0
0
0
0
0
0
0
0
0
0
0
0
0
0
0
0
0
0
0
0
0
0
0
1 792 660 1
0
0
0
0
0
0
0
0
0
0
0
0
0
0
0
0
0
0
0
0
0
0
0
0
0
0
0
0
0
0
0
0
0
0
0
0
0
0
0
0
0
1 1188 44
1 88 572
